Sample	posterior	ESS(posterior)	likelihood	prior
0	-4925.988285812711	N	-4920.196870755276	-5.791415057435424
1000	-2803.214765147476	2.0	-2812.113200216873	8.898435069396719
2000	-2804.665319377768	3.0	-2813.364026042047	8.698706664279218
3000	-2800.8107729162707	4.0	-2808.5330026817346	7.7222297654637595
4000	-2806.4969026433223	5.0	-2810.872616245139	4.375713601816683
5000	-2803.708687841241	6.0	-2812.2963267418368	8.587638900595717
6000	-2803.097206588336	7.0	-2811.199564250013	8.102357661676685
7000	-2802.839497670303	8.0	-2811.4556940237644	8.61619635346159
8000	-2803.130338398637	9.0	-2811.5722396907636	8.441901292126726
9000	-2802.8737163070095	9.0	-2809.0208877619616	6.147171454951934
10000	-2802.4388092300346	10.0	-2810.749714030319	8.310904800284462
11000	-2803.459517311606	11.0	-2810.8067950831487	7.347277771542923
12000	-2802.6938608190394	12.0	-2810.5980148659637	7.904154046924397
13000	-2806.7537116367357	13.0	-2814.119755174334	7.366043537598113
14000	-2801.775346128814	14.0	-2809.9394047359647	8.164058607150945
15000	-2806.11598885857	15.0	-2815.0321987516845	8.916209893114663
16000	-2803.815170771027	16.0	-2811.223356571508	7.40818580048073
17000	-2803.716658191685	17.0	-2811.365294609845	7.6486364181599376
18000	-2802.6625079443475	18.0	-2811.5731108193313	8.910602874983722
19000	-2804.072624246355	18.0	-2811.4230366829033	7.3504124365481855
20000	-2801.6581836590794	19.0	-2809.844899787595	8.186716128515231
21000	-2800.865777768522	20.0	-2809.025762313223	8.15998454470077
22000	-2802.5987529006593	21.0	-2811.094218751711	8.495465851051762
23000	-2805.587607000908	22.0	-2812.9222640913567	7.334657090448677
24000	-2801.8609955282973	23.0	-2809.886436181035	8.025440652737707
25000	-2801.4383364991727	24.0	-2809.515918941204	8.07758244203131
26000	-2802.289150013187	25.0	-2811.169681494504	8.880531481317082
27000	-2801.021644466282	26.0	-2809.5176385511527	8.495994084870793
28000	-2804.6908324146925	27.0	-2812.79058536191	8.099752947217638
29000	-2801.3033673086247	27.0	-2809.3967055988023	8.093338290177762
30000	-2803.1431616328396	28.0	-2811.0649028253392	7.9217411924998
31000	-2806.2387049481763	29.0	-2813.894521530177	7.65581658200051
32000	-2806.8895592357712	30.0	-2816.0143047729907	9.124745537219345
33000	-2801.68169557666	31.0	-2809.554482417629	7.8727868409692565
34000	-2802.3562527203585	32.0	-2810.339488115135	7.983235394776181
35000	-2801.1873536274225	33.0	-2809.03694582571	7.84959219828777
36000	-2805.058649845195	34.0	-2812.9275605032617	7.8689106580670565
37000	-2801.4669431485745	35.0	-2809.9881304121946	8.521187263620256
38000	-2804.0194838705124	36.0	-2809.706502146814	5.687018276301298
39000	-2803.878813803689	36.0	-2812.344107487194	8.46529368350512
40000	-2804.8201588282927	37.0	-2812.863757342948	8.043598514655177
41000	-2806.6186887735007	35.3	-2815.1886504025692	8.569961629068706
42000	-2802.8164750676137	38.1	-2810.3585017675396	7.542026699925814
43000	-2805.64430954561	35.4	-2812.7041240236545	7.059814478044439
44000	-2800.6591290726783	39.2	-2808.9251454054433	8.266016332764995
45000	-2800.9898197719963	39.8	-2808.9951211833777	8.005301411381527
46000	-2804.106774144925	43.0	-2810.8536461702556	6.746872025330697
47000	-2802.596408746054	43.4	-2809.5816018837613	6.985193137707334
48000	-2803.107875552278	44.4	-2810.5725504881348	7.464674935856669
49000	-2802.292431196253	44.3	-2810.2851458762902	7.99271468003721
50000	-2806.1948801972876	46.0	-2811.292216786971	5.097336589683236
51000	-2804.063419798479	47.0	-2812.1958231046196	8.132403306140557
52000	-2802.662524905494	48.0	-2811.056996158884	8.394471253390014
53000	-2802.763538213948	49.0	-2810.166029398498	7.4024911845498025
54000	-2801.266126857514	50.0	-2809.2912768204387	8.025149962925063
55000	-2802.432575967675	50.2	-2810.410046980929	7.97747101325425
56000	-2803.3871323070157	51.5	-2811.2972239613246	7.910091654308772
57000	-2800.612722180829	51.3	-2808.932281740869	8.319559560039398
58000	-2802.909305859109	51.8	-2810.8039441395767	7.894638280467774
59000	-2804.1779610195085	53.6	-2813.0202242968203	8.842263277311833
60000	-2800.8898929438606	55.0	-2809.342355676593	8.452462732732517
61000	-2800.8500201804027	54.7	-2809.1149587655686	8.264938585165872
62000	-2800.895922834163	49.6	-2808.5247423930186	7.628819558855774
63000	-2802.6065954581086	49.4	-2809.833756101191	7.2271606430824304
64000	-2801.3603719572952	48.1	-2809.470279474109	8.109907516813395
65000	-2804.5543932365354	50.6	-2811.0228663719936	6.468473135458262
66000	-2809.9558886986742	54.0	-2818.41956249589	8.463673797215911
67000	-2804.8649871287275	49.3	-2813.2056176469364	8.340630518209053
68000	-2804.41561467432	46.6	-2812.8539964762363	8.438381801916268
69000	-2801.680387400338	48.2	-2809.6486831490174	7.96829574867931
70000	-2801.2996935925903	49.0	-2809.03606548275	7.736371890159584
71000	-2803.795203460813	50.5	-2810.619510647468	6.8243071866551315
72000	-2801.591465806447	50.7	-2809.2807050630136	7.689239256566379
73000	-2805.4724249328165	52.5	-2813.335669915208	7.86324498239178
74000	-2804.003340426209	53.1	-2812.8233348415743	8.819994415365096
75000	-2802.2210147144533	55.1	-2810.273973641025	8.052958926571383
76000	-2802.146028718286	55.9	-2809.979016623629	7.832987905343172
77000	-2803.498509556204	56.9	-2810.5533111850305	7.0548016288264215
78000	-2803.864661280062	57.9	-2811.3947843633923	7.530123083330155
79000	-2801.725089467922	58.7	-2809.87047376477	8.145384296848093
80000	-2802.636464396132	59.3	-2810.269392906032	7.632928509899844
81000	-2804.6818083522508	61.5	-2811.9093471079645	7.227538755713824
82000	-2804.270988945759	62.0	-2812.4415157511944	8.170526805435005
83000	-2803.655010821492	62.3	-2811.593980089543	7.93896926805097
84000	-2802.1924601862543	63.8	-2810.0507130445963	7.8582528583419275
85000	-2800.719807591587	64.3	-2809.166301443057	8.446493851469967
86000	-2806.9019292375137	71.7	-2814.600593126969	7.698663889455446
87000	-2803.387138912084	72.5	-2811.449688499037	8.062549586952914
88000	-2802.931973553776	73.9	-2809.4903527626097	6.55837920883353
89000	-2801.9634843630365	73.9	-2810.3139886431723	8.350504280135869
90000	-2800.8931014568684	73.2	-2808.9845523028107	8.091450845942173
91000	-2802.714959852296	73.4	-2811.1797990106184	8.464839158322139
92000	-2802.6690151367557	73.6	-2810.463517322157	7.794502185401239
93000	-2802.04814944716	74.0	-2810.2530473750467	8.20489792788646
94000	-2802.2066896787005	74.2	-2810.540443953323	8.333754274622567
95000	-2804.449057230655	76.4	-2812.440503350802	7.991446120147048
96000	-2803.8629010123127	77.2	-2812.408498269604	8.545597257291476
97000	-2800.9358316317775	80.5	-2808.769774232051	7.833942600273672
98000	-2801.164178689525	80.0	-2809.424609233123	8.260430543598096
99000	-2803.587227714182	81.1	-2811.1300097215485	7.542782007366501
100000	-2800.4351620263265	80.2	-2808.952192880328	8.517030854001499
101000	-2802.4617015299314	80.4	-2809.824506081827	7.36280455189558
102000	-2803.2092871678715	81.5	-2810.5189234417094	7.309636273838123
103000	-2803.479417350178	82.5	-2811.294890876811	7.815473526633196
104000	-2801.526388152481	83.8	-2810.0951411765122	8.568753024030924
105000	-2800.5094848099156	83.5	-2808.7827305879605	8.273245778045041
106000	-2806.352673138516	91.7	-2812.8148064838274	6.462133345311581
107000	-2801.7902941501034	93.2	-2810.4210571524036	8.630763002300242
108000	-2804.89747837792	92.2	-2813.646873632859	8.749395254938733
109000	-2800.6028371206403	93.0	-2809.0791632344453	8.476326113805115
110000	-2801.4913822039543	93.4	-2809.709443692597	8.21806148864244
111000	-2802.5063886417383	93.2	-2809.6155187374525	7.109130095714357
112000	-2807.720813983835	99.8	-2810.5738169933225	2.853003009487365
113000	-2803.9147558502395	98.9	-2811.257085434564	7.342329584324579
114000	-2801.427860485532	104.0	-2809.601832028631	8.173971543099164
115000	-2802.0168525280765	105.0	-2809.100534617982	7.083682089905474
116000	-2801.8717990509062	104.8	-2810.108422749071	8.236623698164662
117000	-2801.97197747185	104.3	-2810.330360223472	8.35838275162177
118000	-2801.299066543354	103.1	-2810.0239491377497	8.724882594395519
119000	-2801.8315793219094	102.1	-2809.256136701164	7.424557379254519
120000	-2803.7834665810105	104.3	-2809.372164544317	5.588697963306583
121000	-2809.7940413968367	107.1	-2817.8147377209025	8.020696324065835
122000	-2804.3246081487227	103.5	-2812.53027508383	8.205666935107054
123000	-2802.0380784465024	108.7	-2809.991420782981	7.953342336478569
124000	-2806.181407774619	109.4	-2812.111535519549	5.930127744929811
125000	-2807.58619974253	106.2	-2815.1949762184577	7.608776475927808
126000	-2802.548622890502	109.3	-2811.04376830253	8.495145412028231
127000	-2800.7747221065642	114.9	-2808.7383168787997	7.963594772235259
128000	-2801.7599994780094	113.8	-2809.395174481145	7.635175003135768
129000	-2801.125277213002	109.9	-2809.5224244870624	8.397147274060542
130000	-2803.4500848871485	111.4	-2810.347201448949	6.89711656180045
131000	-2800.8731347490207	110.7	-2808.92557815167	8.05244340264942
132000	-2803.132736452347	111.7	-2811.333626381349	8.200889929001743
133000	-2804.167767470353	113.7	-2809.1269714504547	4.959203980102016
134000	-2801.935244405056	115.3	-2809.720733136321	7.7854887312652075
135000	-2803.007097530063	116.3	-2811.4685139114663	8.461416381402904
136000	-2800.590550230733	115.9	-2809.050209800843	8.459659570109912
137000	-2803.84217354729	117.7	-2811.788968506123	7.946794958833593
138000	-2804.5800588568495	120.0	-2810.5570386483714	5.976979791521826
139000	-2811.363666980117	115.2	-2817.415066317255	6.051399337137945
140000	-2800.999903130779	125.3	-2809.5121603986718	8.51225726789271
141000	-2803.5807479375408	124.9	-2810.9161473010745	7.335399363533574
142000	-2805.8877055680437	128.1	-2813.543791170871	7.65608560282735
143000	-2802.1122623790816	130.0	-2810.6163452496803	8.504082870598605
144000	-2802.7101926023947	131.0	-2810.460769697282	7.750577094887545
145000	-2801.5748653849455	132.0	-2810.027558642618	8.452693257672392
146000	-2803.1886041441408	133.0	-2811.2395739981175	8.050969853976767
147000	-2801.327777428009	132.7	-2809.6937193826298	8.365941954620496
148000	-2805.0391616140023	135.0	-2812.5610717542213	7.521910140219105
149000	-2805.802585475669	132.7	-2814.506229755959	8.703644280289911
150000	-2801.066360295	136.0	-2809.302630616356	8.23627032135616
151000	-2801.7301912680196	137.0	-2810.4496582484244	8.719466980404942
152000	-2801.969842255191	138.0	-2808.984864671756	7.015022416564967
153000	-2805.851944669832	139.0	-2813.3093229889055	7.457378319073372
154000	-2802.561305048097	140.0	-2811.0280738402694	8.466768792172314
155000	-2801.71578777855	141.0	-2810.1767532824697	8.46096550391966
156000	-2802.8257968666526	142.0	-2809.4334753091503	6.607678442497484
157000	-2801.8893921577674	143.0	-2809.9433441904202	8.053952032652985
158000	-2800.812395819801	144.0	-2808.7677070951727	7.95531127537142
159000	-2805.3273541754943	144.0	-2813.0993614657245	7.772007290230176
160000	-2807.612578039957	145.0	-2814.376929348954	6.764351308997068
161000	-2802.059523060122	146.0	-2810.3950024235874	8.335479363465502
162000	-2804.641245128308	147.0	-2812.376923718914	7.735678590605934
163000	-2801.8568880347975	148.0	-2810.436206572362	8.5793185375645
164000	-2802.9757965301733	149.0	-2811.088394275756	8.112597745582578
165000	-2806.206267462876	150.0	-2812.5728617237232	6.366594260847194
166000	-2807.149563298956	151.0	-2813.623234656752	6.473671357796322
167000	-2803.424476645705	152.0	-2811.114069778463	7.689593132758049
168000	-2801.5246987643486	153.0	-2809.7446919374506	8.219993173101923
169000	-2805.114383379705	153.0	-2813.317765025483	8.20338164577802
170000	-2802.8610205659484	154.0	-2809.7608722995615	6.899851733613071
171000	-2802.825197582221	155.0	-2810.738661751019	7.913464168798177
172000	-2801.028980450102	156.0	-2809.1129627375744	8.083982287472075
173000	-2802.1948868357626	157.0	-2810.2547084107537	8.05982157499093
174000	-2810.9692369922523	158.0	-2818.127148555943	7.157911563690762
175000	-2802.926454767168	159.0	-2811.0155394735602	8.089084706392596
176000	-2801.6044023575096	160.0	-2810.0701168259056	8.465714468396245
177000	-2801.609304597491	161.0	-2809.3009894603483	7.691684862857543
178000	-2804.3105817654505	162.0	-2811.0089259251854	6.6983441597347095
179000	-2803.045329147446	162.0	-2810.608968567699	7.563639420252772
180000	-2800.8887814206964	163.0	-2808.9672487329804	8.07846731228371
181000	-2803.1194284315043	164.0	-2810.696795561238	7.577367129733995
182000	-2803.1999283796854	165.0	-2811.0553802493328	7.85545186964747
183000	-2802.183951662995	166.0	-2810.37512010949	8.191168446495533
184000	-2802.682298583411	167.0	-2810.5085239654572	7.826225382046359
185000	-2806.0313526568298	168.0	-2813.9830990855075	7.951746428677867
186000	-2802.4620302232584	169.0	-2810.3828269120104	7.920796688752146
187000	-2803.753933008612	170.0	-2812.309638483656	8.555705475043691
188000	-2800.547232964767	171.0	-2809.2283840719692	8.68115110720223
189000	-2803.2390569411336	171.0	-2811.070326946346	7.831270005212278
190000	-2801.8314909183246	172.0	-2810.1500406145856	8.318549696261169
191000	-2806.0090082403385	173.0	-2815.0825275568754	9.073519316537013
192000	-2802.7157446651454	174.0	-2810.805313504344	8.089568839198776
193000	-2806.998207196781	175.0	-2815.6701513686494	8.671944171868232
194000	-2810.096512231539	176.0	-2816.311403589786	6.214891358247305
195000	-2801.169088084486	177.0	-2809.3512784064183	8.1821903219324
196000	-2802.4246230367694	178.0	-2809.424990716315	7.0003676795453575
197000	-2804.10450307822	179.0	-2811.7151263162527	7.610623238032709
198000	-2802.9933366363953	180.0	-2811.5068251832995	8.513488546904341
199000	-2801.717853823203	180.0	-2809.502865996117	7.785012172914249
200000	-2807.625733376667	181.0	-2814.4720488633548	6.8463154866875735
201000	-2800.1214210510943	182.0	-2808.4618766742747	8.340455623180404
202000	-2803.413958593665	183.0	-2811.1236345439634	7.709675950298209
203000	-2805.131994316179	184.0	-2813.261279112869	8.129284796690083
204000	-2804.2943140545253	185.0	-2811.1048963321277	6.810582277602235
205000	-2801.68222081296	186.0	-2810.109482097034	8.42726128407364
206000	-2804.458310473679	187.0	-2810.9616378216256	6.5033273479464775
207000	-2802.1799511434574	188.0	-2811.1032180115453	8.923266868087953
208000	-2802.832168717148	189.0	-2811.316835455942	8.484666738794227
209000	-2802.324383549648	189.0	-2810.5838149557067	8.25943140605873
210000	-2803.3845052129864	190.0	-2811.2988487927537	7.914343579767137
211000	-2801.732370431598	191.0	-2808.708142505209	6.975772073610446
212000	-2803.9866357622836	192.0	-2811.7702370255192	7.783601263235717
213000	-2801.2371679229486	193.0	-2809.0150929192005	7.777924996251657
214000	-2804.288059399023	194.0	-2810.0845617395644	5.796502340541165
215000	-2801.976954856041	195.0	-2809.684936679354	7.707981823312791
216000	-2804.45642264836	196.0	-2810.9899417169163	6.533519068556497
217000	-2802.801965737932	197.0	-2810.007233284485	7.205267546553605
218000	-2802.2546314512483	198.0	-2810.5158605853567	8.261229134108483
219000	-2804.8806288438036	198.0	-2813.4267874161415	8.546158572338024
220000	-2801.6482167481167	199.0	-2809.856822207751	8.208605459634342
221000	-2804.4952400716065	200.0	-2810.489492164336	5.994252092729296
222000	-2807.3101588845498	201.0	-2814.941664120234	7.631505235683982
223000	-2804.0684613474523	202.0	-2811.0608333872133	6.992372039761172
224000	-2804.690297239773	203.0	-2812.9085919951012	8.218294755328534
225000	-2801.6252448459068	204.0	-2810.0841437907534	8.45889894484678
226000	-2801.8495504883963	205.0	-2809.917677719691	8.068127231294444
227000	-2802.178305884586	206.0	-2809.19435059186	7.016044707274184
228000	-2804.5614026271423	207.0	-2812.6213366849147	8.059934057772367
229000	-2801.2719186075196	207.0	-2809.491920238606	8.220001631086147
230000	-2802.7858932938443	208.0	-2811.360576166536	8.574682872691566
231000	-2804.051702901622	209.0	-2811.1778311012486	7.126128199626789
232000	-2802.4134592315204	210.0	-2810.0296356490167	7.6161764174964715
233000	-2803.0853294245226	211.0	-2810.465929965919	7.380600541396411
234000	-2806.7824104591523	212.0	-2814.3353114018328	7.5529009426804885
235000	-2804.0626720506343	213.0	-2812.328985977193	8.266313926558647
236000	-2802.2633297529187	214.0	-2810.3142745041796	8.050944751261063
237000	-2801.8473963654533	215.0	-2809.699246216302	7.851849850848788
238000	-2802.6773744641873	216.0	-2810.5236991255265	7.846324661339233
239000	-2801.9374716509365	216.0	-2810.3599956316248	8.422523980688188
240000	-2803.7553880687524	217.0	-2812.0380135589594	8.282625490206854
241000	-2800.9155031556948	218.0	-2809.245400156999	8.329897001304374
242000	-2803.3832869001994	219.0	-2811.2745604868887	7.891273586689162
243000	-2802.8016802669977	220.0	-2810.990175653091	8.188495386093276
244000	-2800.875195842892	221.0	-2808.9890033660095	8.11380752311728
245000	-2802.966232308662	222.0	-2811.3492948958406	8.383062587178866
246000	-2804.0517775564713	223.0	-2810.0641108048994	6.012333248427939
247000	-2802.959200818286	224.0	-2810.4742778465434	7.515077028257743
248000	-2803.616552723429	225.0	-2811.9609610544776	8.344408331048538
249000	-2802.0378629032257	225.0	-2810.566762295042	8.528899391815965
250000	-2802.176799858879	226.0	-2810.038391631132	7.861591772252973
251000	-2803.2596722390826	227.0	-2810.7705653207195	7.510893081636603
252000	-2802.396065526034	228.0	-2809.8445310071515	7.4484654811175925
253000	-2802.7283992068337	229.0	-2810.0726922709646	7.344293064130896
254000	-2806.3082720037564	230.0	-2814.551239132733	8.242967128976536
255000	-2803.349392469979	231.0	-2810.1641766787034	6.8147842087241255
256000	-2804.0297900326073	232.0	-2811.184873958609	7.155083926001866
257000	-2801.7327077466066	233.0	-2809.9956190429207	8.262911296314124
258000	-2807.338342798553	234.0	-2815.181142529398	7.8427997308451545
259000	-2802.1437253609724	234.0	-2810.310974912567	8.167249551594535
260000	-2802.1400655862953	235.0	-2809.9352493805677	7.795183794272461
261000	-2802.154945009314	236.0	-2810.049570341955	7.894625332641093
262000	-2802.381978359953	237.0	-2810.1684275647654	7.786449204812493
263000	-2800.7492558300128	238.0	-2809.163578464343	8.414322634330418
264000	-2800.6247377156733	239.0	-2808.8268774630646	8.20213974739141
265000	-2802.443159358995	240.0	-2810.2902151798435	7.847055820848226
266000	-2802.464225727341	241.0	-2810.450874666928	7.986648939587191
267000	-2806.8636814380557	242.0	-2813.008788065631	6.14510662757524
268000	-2806.576501193846	243.0	-2815.0396123615756	8.463111167729677
269000	-2800.5186683672664	243.0	-2808.9602733810275	8.441605013761027
270000	-2800.601067597319	244.0	-2809.020435908179	8.419368310860266
271000	-2801.5701099849052	245.0	-2809.2199947788304	7.649884793925228
272000	-2803.133599589509	246.0	-2810.955758812558	7.822159223049239
273000	-2804.2853421536074	247.0	-2810.93267058062	6.647328427012774
274000	-2803.8871078506536	248.0	-2812.4631558418087	8.576047991155288
275000	-2809.7167683540524	249.0	-2817.1316554239293	7.414887069876622
276000	-2804.8469170939175	250.0	-2811.2577240634773	6.410806969559713
277000	-2800.839875167377	251.0	-2808.830201245829	7.990326078451554
278000	-2802.2874912464586	252.0	-2810.4811577735286	8.193666527070208
279000	-2804.7718096398194	252.0	-2813.155423515241	8.383613875421856
280000	-2805.0989304563336	253.0	-2813.0697604529205	7.970829996586718
281000	-2801.8279923237847	254.0	-2809.460399566599	7.632407242814133
282000	-2801.6928879137986	255.0	-2809.891470233705	8.198582319906581
283000	-2801.9240781297185	256.0	-2810.0642578866086	8.140179756890067
284000	-2808.109766969419	257.0	-2813.238780625073	5.129013655654024
285000	-2802.569707650223	258.0	-2810.9000110022207	8.330303351997955
286000	-2801.400616004464	259.0	-2809.0175114362005	7.61689543173613
287000	-2802.5541927055533	260.0	-2810.3237140401	7.769521334546818
288000	-2804.3893377478958	261.0	-2812.7167763408243	8.327438592928404
289000	-2802.1671228793202	261.0	-2810.362474434272	8.195351554951463
290000	-2803.346750266095	262.0	-2809.99497727467	6.648227008574986
291000	-2801.363007142225	263.0	-2809.082692288821	7.719685146596122
292000	-2803.5868829962965	264.0	-2811.0502983584024	7.463415362106141
293000	-2803.4488967749594	265.0	-2811.0487862078735	7.599889432913948
294000	-2805.0471199511494	266.0	-2812.6120135889005	7.564893637751309
295000	-2802.1295013572753	267.0	-2810.696582779165	8.567081421889528
296000	-2803.312191558581	268.0	-2810.8409339446816	7.528742386100378
297000	-2801.086731048651	269.0	-2809.1618988145997	8.075167765948873
298000	-2802.116982467315	270.0	-2810.266136927993	8.149154460678114
299000	-2803.454429614265	270.0	-2811.3850984452706	7.930668831005627
300000	-2801.819612380378	271.0	-2809.781247394413	7.961635014035112
301000	-2808.568183914598	272.0	-2816.000010738878	7.431826824279434
302000	-2800.7086809585335	273.0	-2809.0521437844463	8.343462825912649
303000	-2803.0038672278097	274.0	-2811.1907482767806	8.186881048970907
304000	-2801.928970874034	275.0	-2810.073756349766	8.144785475732188
305000	-2801.659039833031	276.0	-2810.151184226246	8.492144393215176
306000	-2804.5236676049763	277.0	-2812.635630842315	8.111963237338767
307000	-2803.8733372299357	278.0	-2811.9083724643624	8.035035234426914
308000	-2803.0656457457817	279.0	-2811.2861362582457	8.220490512464217
309000	-2801.8934790442154	279.0	-2810.4514342477883	8.557955203572682
310000	-2804.4425055046245	280.0	-2811.9388477245348	7.496342219910432
311000	-2803.141026760003	281.0	-2810.985470564887	7.8444438048838565
312000	-2806.278951834035	282.0	-2814.2082402691685	7.929288435133243
313000	-2800.980752424041	283.0	-2808.9972192919167	8.016466867875806
314000	-2801.7281594368856	284.0	-2809.3667127728954	7.638553336009984
315000	-2802.4017588634133	285.0	-2809.839420364192	7.437661500778619
316000	-2802.728449828479	286.0	-2809.226503316876	6.498053488397183
317000	-2806.5929597592553	287.0	-2814.1529866935443	7.56002693428894
318000	-2801.798043927468	288.0	-2810.4917287190597	8.693684791591734
319000	-2800.544851858815	288.0	-2808.730845870362	8.185994011546804
320000	-2802.1117585970032	289.0	-2810.7570626808397	8.645304083836557
321000	-2804.9453277655107	290.0	-2812.383098918624	7.4377711531131885
322000	-2801.2319572436695	291.0	-2809.7526688753587	8.520711631689379
323000	-2802.229881546207	292.0	-2811.061657763601	8.83177621739431
324000	-2804.182776655084	293.0	-2809.9799662214646	5.797189566380354
325000	-2804.0329477435735	294.0	-2811.8832072196424	7.8502594760688345
326000	-2802.09144568504	295.0	-2809.5164031588024	7.42495747376232
327000	-2802.85351422084	296.0	-2810.3905502209054	7.537036000065396
328000	-2800.6959062431865	297.0	-2809.197011776913	8.501105533726506
329000	-2804.4974814543425	297.0	-2813.4167331932103	8.919251738867732
330000	-2802.153019560553	298.0	-2810.067922007528	7.914902446975229
331000	-2801.394650825657	299.0	-2809.8146238837076	8.41997305805035
332000	-2801.8495662171913	300.0	-2808.882901633552	7.0333354163607575
333000	-2801.3719413784993	301.0	-2809.116124601036	7.744183222536966
334000	-2806.7847207259406	302.0	-2812.1861675555165	5.401446829575981
335000	-2801.5928389164687	303.0	-2809.8714489811155	8.27861006464693
336000	-2801.289138892101	304.0	-2809.738930447059	8.44979155495757
337000	-2800.991507978798	305.0	-2809.3852285712483	8.393720592450396
338000	-2802.0278973022873	306.0	-2809.121471604565	7.093574302277846
339000	-2802.4351894689726	306.0	-2811.0152106834544	8.580021214481995
340000	-2802.3801631893407	307.0	-2810.870584934522	8.490421745181074
341000	-2805.2002492209276	308.0	-2813.825032942318	8.624783721390601
342000	-2810.4728322067936	309.0	-2817.970654164542	7.497821957748552
343000	-2803.977919338024	310.0	-2810.0341955867348	6.0562762487104855
344000	-2802.4429625749044	311.0	-2810.2905770669718	7.84761449206729
345000	-2802.0215814612243	312.0	-2809.259665745372	7.238084284147722
346000	-2804.9248847264025	313.0	-2812.141345311399	7.216460584996766
347000	-2800.498161757917	314.0	-2809.1307165996923	8.63255484177524
348000	-2801.7599357903687	315.0	-2809.7822853131147	8.022349522746001
349000	-2804.5917847207356	315.0	-2811.5790238071468	6.987239086411095
350000	-2800.756001151767	316.0	-2809.007277074308	8.251275922540863
351000	-2802.9480092969166	317.0	-2810.290874239068	7.342864942151662
352000	-2803.9180598493913	318.0	-2812.2627250468204	8.344665197429233
353000	-2803.7094258287902	319.0	-2812.0754635199596	8.36603769116944
354000	-2802.8354783522655	320.0	-2810.853634260193	8.018155907927405
355000	-2802.1845695487864	321.0	-2810.1155930950235	7.931023546237351
356000	-2801.3032737882386	322.0	-2809.3765357859666	8.073261997728046
357000	-2803.6740378976037	323.0	-2812.084774837951	8.41073694034725
358000	-2803.7516915382816	324.0	-2812.3628635288305	8.611171990549023
359000	-2807.81996378754	324.0	-2815.6495462305884	7.829582443048384
360000	-2810.274039722568	325.0	-2815.3065196262323	5.0324799036642816
361000	-2802.4944504732366	326.0	-2810.36788120657	7.87343073333353
362000	-2803.221444471837	327.0	-2811.258396882654	8.03695241081689
363000	-2804.156933349536	328.0	-2812.3015500862693	8.144616736733287
364000	-2801.208690990513	329.0	-2809.0961311443607	7.887440153847814
365000	-2804.4252577305256	330.0	-2812.7510728489433	8.32581511841786
366000	-2800.2314689924096	331.0	-2808.544789673659	8.313320681249635
367000	-2802.398186412581	332.0	-2810.9874212219966	8.589234809415942
368000	-2803.226439744738	333.0	-2811.9707942371824	8.744354492444561
369000	-2804.98370613725	333.0	-2812.510744108642	7.527037971392025
370000	-2802.247965821967	334.0	-2810.5002615342673	8.252295712300352
371000	-2803.1467463816825	335.0	-2811.1291482571114	7.982401875428817
372000	-2801.502280590639	336.0	-2809.101004984257	7.598724393617838
373000	-2800.9195809994885	337.0	-2808.9671788503647	8.047597850876128
374000	-2803.867293099495	338.0	-2812.0273365508174	8.160043451322657
375000	-2801.4359869049113	339.0	-2809.87697996467	8.440993059759109
376000	-2803.536087197378	340.0	-2811.73121231503	8.195125117652047
377000	-2802.991873747249	341.0	-2810.5412334311777	7.549359683928638
378000	-2802.227485483258	342.0	-2810.1244980856554	7.89701260239741
379000	-2804.5845277560197	342.0	-2809.7400113574304	5.155483601410541
380000	-2801.767153829769	343.0	-2809.9438837420057	8.1767299122366
381000	-2803.0864935085556	344.0	-2810.4005402379835	7.314046729427958
382000	-2802.566831024387	345.0	-2810.6380552877904	8.071224263403632
383000	-2805.8355284012973	346.0	-2812.306141163828	6.470612762531047
384000	-2803.2914556167107	347.0	-2811.853419796257	8.561964179546573
385000	-2800.741286370994	348.0	-2809.09783069553	8.356544324535772
386000	-2807.000745237747	349.0	-2813.920228010276	6.919482772528528
387000	-2802.700621658035	350.0	-2810.298284180915	7.597662522880219
388000	-2802.5699769504977	351.0	-2811.0174128527356	8.447435902237718
389000	-2801.6280456118675	351.0	-2809.976387196178	8.348341584310575
390000	-2802.419399716903	352.0	-2810.3628005013156	7.943400784412415
391000	-2803.531566643495	353.0	-2810.4978661319897	6.966299488494669
392000	-2803.49935664878	354.0	-2812.191839515199	8.692482866418711
393000	-2802.126313013787	355.0	-2808.9949450936842	6.86863207989727
394000	-2802.6109383300704	356.0	-2809.5885864706106	6.977648140540048
395000	-2802.387975888202	357.0	-2810.4019008372297	8.01392494902761
396000	-2803.225878636282	358.0	-2811.279625849431	8.053747213149137
397000	-2801.779550092906	359.0	-2808.8345135544187	7.054963461512884
398000	-2803.5566896812643	360.0	-2811.5999839360143	8.043294254750057
399000	-2802.8267067334896	360.0	-2811.182605395565	8.355898662075479
400000	-2803.2465704576366	361.0	-2811.989590817449	8.743020359812238
401000	-2804.3692263967796	362.0	-2812.306064139186	7.936837742406753
402000	-2801.8248661500124	363.0	-2810.3072927579124	8.4824266078999
403000	-2800.341787142082	364.0	-2808.9136718627096	8.57188472062748
404000	-2804.811783645095	365.0	-2811.691784452435	6.880000807339952
405000	-2801.5270484602815	366.0	-2809.754055681354	8.22700722107264
406000	-2801.373317568094	367.0	-2809.5265205439036	8.153202975809773
407000	-2801.1972347330125	368.0	-2809.003502738547	7.80626800553453
408000	-2806.164607127341	369.0	-2812.2631883682666	6.098581240925743
409000	-2802.218058836748	369.0	-2810.231899195777	8.013840359028851
410000	-2801.958580473873	370.0	-2809.759284645492	7.8007041716188334
411000	-2800.293633206559	371.0	-2808.4999444361893	8.206311229629893
412000	-2806.5081547167347	372.0	-2814.3597603133853	7.851605596650661
413000	-2801.855732346512	373.0	-2809.929450054543	8.073717708030955
414000	-2806.7700592069996	374.0	-2815.146518176379	8.376458969379044
415000	-2805.3958755210983	375.0	-2814.559699961687	9.163824440588547
416000	-2802.4190130310944	376.0	-2810.7348577178263	8.315844686731692
417000	-2805.3120404567653	377.0	-2813.6787980291947	8.366757572429254
418000	-2802.9772371827066	378.0	-2810.7539023147947	7.77666513208819
419000	-2805.45826492078	378.0	-2814.6122956241347	9.154030703354556
420000	-2801.7731370161855	379.0	-2810.264211649885	8.491074633699766
421000	-2802.7655254572664	380.0	-2810.1429904407623	7.377464983496053
422000	-2801.648165486102	381.0	-2809.6420757403366	7.993910254234731
423000	-2803.353219616223	382.0	-2810.9819178649923	7.628698248768908
424000	-2802.4173126873034	383.0	-2809.656418150288	7.239105462984883
425000	-2804.7230681443116	384.0	-2813.100833402093	8.377765257781649
426000	-2801.5580963415227	385.0	-2810.210660390258	8.652564048735275
427000	-2800.949537700466	386.0	-2808.6551707678077	7.70563306734188
428000	-2803.18224815426	387.0	-2810.9921618778594	7.809913723599516
429000	-2802.7620729617165	387.0	-2809.674014959611	6.911941997894554
430000	-2807.5606938041697	388.0	-2812.786422029255	5.225728225085414
431000	-2802.0811656460496	389.0	-2810.6954561474536	8.614290501403834
432000	-2801.4177286959384	390.0	-2808.684302630345	7.266573934406736
433000	-2802.0654155430166	391.0	-2810.2954409799027	8.230025436885938
434000	-2803.9362915184347	392.0	-2811.916256703845	7.979965185410672
435000	-2803.0532337760615	393.0	-2811.0084507856136	7.955217009552021
436000	-2802.1815253305695	394.0	-2810.157086447295	7.975561116725494
437000	-2802.5137839547865	395.0	-2810.792641196211	8.278857241424546
438000	-2807.7339576636837	396.0	-2815.7512341380716	8.017276474388062
439000	-2803.041149307541	396.0	-2810.8822826845835	7.841133377042317
440000	-2804.43058929804	397.0	-2813.3893462974524	8.95875699941256
441000	-2802.2029716751917	398.0	-2809.943941498068	7.740969822876263
442000	-2800.420452977668	399.0	-2808.82428950967	8.403836532002199
443000	-2800.7783169399945	400.0	-2808.810688601621	8.032371661626897
444000	-2801.508003637608	401.0	-2809.75518711522	8.247183477612058
445000	-2803.350961911151	402.0	-2810.9387370136137	7.587775102462816
446000	-2801.2205952229265	403.0	-2809.7828820567292	8.562286833802819
447000	-2805.627703045894	404.0	-2813.166156695112	7.538453649217848
448000	-2800.7641899867963	405.0	-2808.974066438156	8.209876451360008
449000	-2801.832594401187	405.0	-2810.035486773935	8.20289237274796
450000	-2801.07406400794	406.0	-2809.3631715027777	8.28910749483806
451000	-2805.168241942376	407.0	-2812.5772690664276	7.409027124051707
452000	-2802.648083631191	408.0	-2810.0697859695456	7.421702338354337
453000	-2802.173893761336	409.0	-2810.6067677201136	8.432873958777792
454000	-2808.15134442545	410.0	-2811.9353596606043	3.7840152351541967
455000	-2805.463524234012	411.0	-2811.8318157994213	6.36829156540924
456000	-2800.7246073222695	412.0	-2808.8943908115107	8.169783489241146
457000	-2806.7373217507647	413.0	-2814.0678464593007	7.330524708535812
458000	-2801.6459077633085	414.0	-2809.953283939783	8.307376176474566
459000	-2802.9406319505683	414.0	-2811.2134783933457	8.272846442777512
460000	-2801.5680176706164	415.0	-2809.5134629625973	7.94544529198087
461000	-2804.426806024342	416.0	-2812.460970675247	8.034164650905048
462000	-2805.6420848758617	417.0	-2813.1885606187598	7.546475742898099
463000	-2804.4332152389675	418.0	-2812.645783620269	8.212568381301487
464000	-2801.0210967185353	419.0	-2809.23137045635	8.210273737814369
465000	-2804.57574061436	420.0	-2809.4366694283844	4.860928814024432
466000	-2803.9652970528036	421.0	-2811.684316009996	7.719018957192519
467000	-2808.822968344473	422.0	-2816.823309275578	8.00034093110513
468000	-2800.4072854653587	423.0	-2808.650809039718	8.243523574359159
469000	-2801.294547021431	423.0	-2809.7205726653583	8.426025643927549
470000	-2801.6338559901765	424.0	-2809.48589854116	7.852042550983539
471000	-2801.5383829615193	425.0	-2809.2575466179205	7.719163656401174
472000	-2801.4839123622796	426.0	-2809.781891910149	8.297979547869552
473000	-2802.5594248071875	427.0	-2810.2130774570187	7.653652649831278
474000	-2804.324499778115	428.0	-2811.968482121577	7.6439823434621745
475000	-2803.1676234640936	429.0	-2811.5050342701243	8.337410806030661
476000	-2800.258173155394	430.0	-2808.8989472506332	8.640774095239045
477000	-2807.5950292745392	431.0	-2815.773151284402	8.178122009862653
478000	-2804.1121624342345	432.0	-2812.3824742654624	8.270311831227781
479000	-2801.787014478535	432.0	-2808.831024599651	7.044010121115467
480000	-2803.3234182480874	433.0	-2811.231716875469	7.9082986273814155
481000	-2801.825864022999	434.0	-2809.35501917494	7.5291551519409285
482000	-2803.087422014793	435.0	-2811.378741840304	8.291319825510964
483000	-2801.724571048217	436.0	-2810.0461683253166	8.321597277099492
484000	-2804.475109493949	437.0	-2810.34876388858	5.873654394630922
485000	-2803.5896251897434	438.0	-2811.4796570297012	7.890031839957947
486000	-2801.145138385647	439.0	-2809.357340906154	8.212202520507262
487000	-2805.6164200780104	440.0	-2811.976610663481	6.360190585470792
488000	-2803.6811684636587	441.0	-2811.1372313233205	7.456062859661969
489000	-2802.0694305020725	441.0	-2809.6237256058903	7.554295103817822
490000	-2800.9186400880167	442.0	-2809.4098294683863	8.491189380369415
491000	-2801.442975598088	443.0	-2809.5751658598874	8.13219026179939
492000	-2800.8944400849837	444.0	-2809.307635835176	8.413195750192049
493000	-2804.010511048111	445.0	-2811.2175847885533	7.207073740442233
494000	-2804.799741911688	446.0	-2812.896684706568	8.09694279487991
495000	-2801.9167619725263	447.0	-2810.0866250875806	8.169863115054127
496000	-2800.959322796228	448.0	-2809.1923886382892	8.233065842061048
497000	-2800.922978937982	449.0	-2809.316334458075	8.393355520092804
498000	-2802.0058415605963	450.0	-2810.224804430186	8.218962869589504
499000	-2802.168075069861	450.0	-2810.257135287972	8.089060218110921
500000	-2803.164435476448	451.0	-2811.737660095914	8.573224619466213
501000	-2801.833820089595	452.0	-2809.585645918397	7.751825828801778
502000	-2802.2426188951986	453.0	-2809.435821941317	7.193203046118276
503000	-2802.8195642032993	454.0	-2810.89305823757	8.073494034270839
504000	-2801.7043362517875	455.0	-2810.19425315935	8.489916907562526
505000	-2803.197594192906	456.0	-2810.697755480449	7.50016128754306
506000	-2801.3731515953086	457.0	-2809.287546509357	7.9143949140483665
507000	-2808.298859504588	458.0	-2815.7185428373177	7.4196833327295835
508000	-2804.676802560668	459.0	-2812.8982731773576	8.221470616689832
509000	-2808.3179646703866	459.0	-2817.4950009819795	9.177036311592948
510000	-2802.4615962090643	460.0	-2810.0799174387485	7.61832122968403
511000	-2804.271255014586	461.0	-2811.412504050386	7.141249035799639
512000	-2801.8564158845097	462.0	-2809.304604507907	7.448188623396899
513000	-2801.0187571248725	463.0	-2809.2580762276707	8.239319102798149
514000	-2803.3261788644595	464.0	-2809.955510956994	6.629332092534538
515000	-2803.0310688187233	465.0	-2811.431487196582	8.400418377858948
516000	-2803.0258414554132	466.0	-2811.4725810556383	8.446739600225204
517000	-2801.7928928004935	467.0	-2809.9277726589025	8.134879858408887
518000	-2802.3459011723808	468.0	-2810.6196818808503	8.273780708469324
519000	-2800.7756155558764	468.0	-2809.0280773674394	8.25246181156314
520000	-2803.417155528802	469.0	-2811.077161147883	7.660005619081161
521000	-2801.9423633996967	470.0	-2810.2477344650165	8.305371065319953
522000	-2800.8599301722347	471.0	-2808.963111078411	8.103180906176298
523000	-2802.1222010487986	472.0	-2810.0169962036666	7.894795154868124
524000	-2800.4267659934126	473.0	-2808.698107364825	8.271341371412374
525000	-2801.5889225312135	474.0	-2810.047215594933	8.458293063719498
526000	-2803.128003347523	475.0	-2811.4675583336757	8.33955498615244
527000	-2806.602956760912	476.0	-2815.321233454536	8.718276693623814
528000	-2801.2467598103817	477.0	-2809.605896426175	8.359136615793565
529000	-2800.5581130851147	477.0	-2808.5200685170703	7.9619554319557295
530000	-2801.346787760963	478.0	-2809.483703679601	8.136915918638369
531000	-2801.455752395437	479.0	-2809.428326141144	7.9725737457076455
532000	-2803.9992458563347	480.0	-2810.0998430159802	6.100597159645508
533000	-2802.8928815493973	481.0	-2811.045525919703	8.152644370305495
534000	-2803.7334587984847	482.0	-2812.4499181382434	8.716459339758849
535000	-2800.360656473431	483.0	-2808.9492759918	8.588619518368713
536000	-2808.3822479447676	484.0	-2813.423692846035	5.041444901267335
537000	-2805.4606301637036	485.0	-2814.15224642808	8.691616264376524
538000	-2801.0003850413805	486.0	-2809.617172439535	8.616787398154628
539000	-2800.6939495117895	486.0	-2809.0482869549655	8.354337443175954
540000	-2802.783965827666	487.0	-2809.4692776617676	6.685311834101544
541000	-2809.9507018738313	488.0	-2817.256918807876	7.306216934044492
542000	-2806.693492630071	489.0	-2815.231049436924	8.537556806852793
543000	-2802.42241620395	490.0	-2810.3232188418256	7.900802637875459
544000	-2802.9275708443042	491.0	-2811.039257187201	8.111686342897176
545000	-2807.2901310508955	492.0	-2813.6585016644794	6.368370613583756
546000	-2803.29078225404	493.0	-2811.7535445434987	8.462762289458738
547000	-2803.414473382669	494.0	-2811.63144581254	8.216972429870868
548000	-2803.2996737422422	495.0	-2811.238238695058	7.93856495281558
549000	-2804.458463198591	495.0	-2812.448078756328	7.989615557737132
550000	-2801.3344745883137	496.0	-2809.5442594770934	8.209784888779614
551000	-2804.4786213885627	497.0	-2813.270640436551	8.792019047988202
552000	-2800.886996757648	498.0	-2809.2545407933635	8.3675440357156
553000	-2801.6218674011616	499.0	-2809.818392038244	8.196524637082515
554000	-2802.6586069412456	500.0	-2810.491690958858	7.8330840176122996
555000	-2805.108950961086	501.0	-2812.607945895451	7.498994934364664
556000	-2801.0560160251207	502.0	-2809.2588491125375	8.202833087416648
557000	-2801.4889378137827	503.0	-2809.6981052630035	8.209167449220933
558000	-2803.0281022752565	504.0	-2810.7007614415265	7.67265916627012
559000	-2801.1791931287735	504.0	-2809.1470024087494	7.967809279975987
560000	-2800.8723822740862	505.0	-2809.002112465722	8.12973019163585
561000	-2804.843073745497	506.0	-2813.2556378116365	8.412564066139712
562000	-2800.828054022368	507.0	-2808.8674095139336	8.03935549156543
563000	-2801.899308311925	508.0	-2809.8919136929303	7.992605381005214
564000	-2803.0956749311963	509.0	-2808.6024108098936	5.506735878697327
565000	-2801.9002810910624	510.0	-2810.385588499638	8.485307408575407
566000	-2802.6518685096357	511.0	-2809.052588728638	6.400720219002123
567000	-2802.630589765317	512.0	-2811.303831397384	8.67324163206693
568000	-2807.7346749795006	513.0	-2815.079771522728	7.345096543227698
569000	-2803.8381731576883	513.0	-2811.65922137218	7.82104821449171
570000	-2802.0543492684787	514.0	-2810.3453377983483	8.290988529869672
571000	-2802.187273248399	515.0	-2810.8751641679023	8.687890919503293
572000	-2803.4218549357684	516.0	-2811.215479524757	7.793624588988597
573000	-2801.1094140074147	517.0	-2808.9058658394624	7.7964518320478255
574000	-2804.190822915585	518.0	-2812.3187051648256	8.127882249240233
575000	-2805.251374800793	519.0	-2812.2869604293	7.035585628506796
576000	-2802.588777753904	520.0	-2810.2447819020267	7.65600414812271
577000	-2802.047251311534	521.0	-2810.7025448876116	8.655293576077273
578000	-2805.087014462649	522.0	-2812.3428368436616	7.255822381012367
579000	-2805.6735752801223	522.0	-2814.021859954087	8.348284673964784
580000	-2803.200896425189	523.0	-2811.218336122911	8.01743969772187
581000	-2802.6168251160375	524.0	-2811.3475313137506	8.730706197713257
582000	-2803.8193043157544	525.0	-2812.070924687667	8.251620371912198
583000	-2802.163588170397	526.0	-2809.0421010257664	6.8785128553693315
584000	-2801.3896071141776	527.0	-2808.667445377978	7.277838263800478
585000	-2803.023905791916	528.0	-2811.3156250110533	8.291719219136994
586000	-2803.762861397415	529.0	-2809.224061971054	5.461200573639273
587000	-2800.4105939762267	530.0	-2808.9675077434467	8.5569137672202
588000	-2804.3922802278285	531.0	-2811.479239368624	7.086959140795646
589000	-2804.7414828001583	531.0	-2809.9945691004577	5.253086300299399
590000	-2805.886880766447	532.0	-2809.568057237605	3.6811764711579915
591000	-2805.31449922493	533.0	-2813.2165093337744	7.902010108844353
592000	-2802.0939276051586	534.0	-2810.0920388416935	7.998111236534812
593000	-2801.3434487865534	535.0	-2809.7355198970495	8.392071110496094
594000	-2801.0569134825837	536.0	-2809.501960954689	8.44504747210516
595000	-2803.5912059852926	537.0	-2812.2403673723716	8.649161387079019
596000	-2802.737187236958	538.0	-2810.602566164454	7.865378927495744
597000	-2804.9082977711632	539.0	-2812.8010882386397	7.8927904674766785
598000	-2803.2682226061397	540.0	-2811.267110987497	7.998888381357219
599000	-2801.785392047749	540.0	-2809.326309505811	7.540917458062036
600000	-2808.037293638231	541.0	-2816.9802861081275	8.942992469896446
601000	-2800.717189069093	542.0	-2809.252945960361	8.535756891267994
602000	-2805.0464374719613	543.0	-2813.2815407106673	8.235103238706142
603000	-2802.0063636363025	544.0	-2809.8795680132857	7.873204376983083
604000	-2801.5989270013292	545.0	-2809.6492999960556	8.0503729947262
605000	-2801.425402035596	546.0	-2809.6927444316952	8.267342396099034
606000	-2804.546810466292	547.0	-2813.0422014993205	8.495391033028506
607000	-2806.6605510408103	548.0	-2815.2854978414002	8.624946800590024
608000	-2801.476538208593	549.0	-2809.340037077558	7.863498868965158
609000	-2804.203386106755	549.0	-2812.2154675417196	8.012081434964632
610000	-2803.557308225891	550.0	-2811.778066799725	8.220758573833589
611000	-2804.4062887776995	551.0	-2811.6596201533607	7.253331375661402
612000	-2804.1454710536136	552.0	-2813.196720883151	9.051249829537298
613000	-2802.7695614109994	553.0	-2810.771813368523	8.00225195752369
614000	-2802.9252056803566	554.0	-2811.1582103898595	8.233004709502783
615000	-2800.56353102627	555.0	-2808.9893179182895	8.425786892019445
616000	-2802.842330029517	556.0	-2809.6130228041447	6.770692774627545
617000	-2807.789563910922	557.0	-2815.8523442831074	8.062780372185628
618000	-2801.2583096699377	558.0	-2809.46339231598	8.205082646042086
619000	-2802.2646710096324	558.0	-2810.155915405296	7.89124439566371
620000	-2807.740595365669	559.0	-2809.97678176337	2.236186397701312
621000	-2804.594996611473	560.0	-2812.917183502533	8.322186891059925
622000	-2805.3358624986017	561.0	-2813.4027843348854	8.06692183628355
623000	-2805.302700330668	562.0	-2813.1965161387975	7.893815808129588
624000	-2804.185265557636	563.0	-2811.9439815991063	7.758716041470709
625000	-2805.9013920833536	564.0	-2813.7911622041165	7.889770120762707
626000	-2801.528265122699	565.0	-2809.4428920937594	7.914626971060261
627000	-2802.885366242455	566.0	-2811.1315978538505	8.246231611395714
628000	-2802.34658778052	567.0	-2809.2324228558678	6.885835075347606
629000	-2802.9875783615544	567.0	-2811.7822636580745	8.794685296520118
630000	-2801.4927085990134	568.0	-2809.740662831406	8.247954232392704
631000	-2806.0796315205034	569.0	-2812.135930414168	6.056298893664577
632000	-2804.5623406708005	570.0	-2811.3701732189575	6.807832548157142
633000	-2802.9587096120636	571.0	-2810.5601731835586	7.601463571495025
634000	-2802.1955006450344	572.0	-2811.067422191498	8.871921546463327
635000	-2801.947047744457	573.0	-2809.5151449061314	7.56809716167431
636000	-2804.0152438151554	574.0	-2812.8748269269345	8.859583111779166
637000	-2800.999564009057	575.0	-2809.3023989616304	8.302834952573289
638000	-2804.9118870340412	576.0	-2812.8794928161005	7.967605782059311
639000	-2807.0796132754776	576.0	-2814.9168724736332	7.837259198155792
640000	-2801.978947356171	577.0	-2810.0431923919828	8.064245035811885
641000	-2802.6180801059663	578.0	-2808.8640497485667	6.245969642600553
642000	-2802.4862391063034	579.0	-2810.4295239120966	7.943284805792987
643000	-2804.224183525993	580.0	-2812.2736153440487	8.049431818055652
644000	-2800.940908391234	581.0	-2808.97510045964	8.034192068405765
645000	-2803.3018006954917	582.0	-2809.0987552234515	5.796954527959868
646000	-2801.5294113477376	583.0	-2809.5590879311712	8.029676583433616
647000	-2800.5867915739173	584.0	-2808.9193502078824	8.332558633965316
648000	-2802.8576429282716	585.0	-2811.6935299375527	8.835887009281105
649000	-2803.4969987844233	585.0	-2811.186184664631	7.689185880207806
650000	-2803.0192804713442	586.0	-2811.7554986236164	8.736218152272123
651000	-2802.613501595573	587.0	-2810.713997681866	8.100496086293548
652000	-2802.15681857826	588.0	-2810.1509919323366	7.994173354077008
653000	-2805.409410788049	589.0	-2812.7719188636925	7.362508075643313
654000	-2801.441702282166	590.0	-2809.4284247046253	7.986722422459313
655000	-2805.9307372085227	591.0	-2813.1271826095904	7.196445401067785
656000	-2805.6444260280095	592.0	-2813.5251052731046	7.880679245095145
657000	-2804.4577560052303	593.0	-2812.4630035226605	8.005247517430364
658000	-2803.9388718675305	594.0	-2811.731739548752	7.7928676812215505
659000	-2801.152414840299	594.0	-2809.372309093442	8.219894253142481
660000	-2803.4462387047506	595.0	-2810.4699272460857	7.023688541335212
661000	-2802.642947456941	596.0	-2810.248959203891	7.606011746950192
662000	-2801.90194578974	597.0	-2810.349355234889	8.447409445149393
663000	-2801.704952542402	598.0	-2810.1077746734127	8.40282213101063
664000	-2800.967411157675	599.0	-2809.498564056628	8.53115289895282
665000	-2805.3444020539414	600.0	-2812.518857893493	7.174455839551646
666000	-2802.7761898850267	601.0	-2808.9105820517334	6.134392166706453
667000	-2802.550476538521	602.0	-2809.8114832918254	7.26100675330445
668000	-2803.9013406419363	603.0	-2811.4076529634026	7.506312321466387
669000	-2804.336939217088	603.0	-2812.141598872586	7.80465965549809
670000	-2802.46743126784	604.0	-2810.9504894538923	8.48305818605251
671000	-2802.5882404892436	605.0	-2810.6334016557416	8.045161166497826
672000	-2802.5811582922856	606.0	-2809.392579667995	6.811421375709258
673000	-2803.3093016558923	607.0	-2809.2830196000527	5.973717944160613
674000	-2804.9907062710463	608.0	-2812.826612540911	7.835906269864494
675000	-2802.2876931652413	609.0	-2810.9137875538872	8.626094388645967
676000	-2804.0901283719436	610.0	-2811.956749970863	7.866621598919403
677000	-2802.446751966839	611.0	-2810.3010111423337	7.854259175494545
678000	-2802.6938109944726	612.0	-2810.7901143214885	8.096303327016068
679000	-2802.3905886289454	612.0	-2810.0922128432544	7.701624214308909
680000	-2802.812470735901	613.0	-2809.6841094276633	6.871638691762312
681000	-2801.4295173692863	614.0	-2809.7428462583403	8.313328889053809
682000	-2801.553226598049	615.0	-2809.6480281316262	8.094801533577034
683000	-2800.8305117341897	616.0	-2809.5230054312124	8.692493697022742
684000	-2803.556316293904	617.0	-2811.5818487476545	8.025532453750813
685000	-2801.397682620748	618.0	-2809.7487814608394	8.351098840091463
686000	-2801.985721641029	619.0	-2810.144586429898	8.15886478886878
687000	-2805.2885138310635	620.0	-2813.7030965971207	8.414582766057448
688000	-2804.157846448749	621.0	-2812.3692550374344	8.21140858868576
689000	-2801.2887717612066	621.0	-2809.5840207427436	8.295248981537206
690000	-2801.3759529558633	622.0	-2809.3513525548547	7.975399598991164
691000	-2803.904978822536	623.0	-2811.2446963746106	7.339717552074532
692000	-2801.31293150229	624.0	-2808.8594826862927	7.546551184002552
693000	-2802.9878913424523	625.0	-2811.1347676356	8.146876293147596
694000	-2801.601551856556	626.0	-2809.59264223326	7.991090376703827
695000	-2808.7887636639	627.0	-2817.8279940351504	9.039230371250273
696000	-2802.7150419887425	628.0	-2810.6165908200264	7.901548831283799
697000	-2802.2948971595433	629.0	-2810.3982491451807	8.103351985637381
698000	-2803.7157787639194	630.0	-2811.846741385908	8.130962621988656
699000	-2804.560195183903	630.0	-2812.31544008551	7.755244901607259
700000	-2808.407521421546	631.0	-2816.016172089299	7.608650667752924
701000	-2800.6355533849924	632.0	-2809.2540811286217	8.618527743629457
702000	-2803.1827131168166	633.0	-2811.969251818797	8.786538701980792
703000	-2803.6653251675243	634.0	-2811.5135945460997	7.848269378575208
704000	-2802.8758483755905	635.0	-2811.576028046195	8.700179670604486
705000	-2802.8512902695643	636.0	-2810.461859629676	7.610569360111423
706000	-2803.2767408798863	637.0	-2809.870023829178	6.593282949291731
707000	-2802.3572183092256	638.0	-2810.2558203781778	7.898602068952238
708000	-2801.3445414146368	639.0	-2809.862623023095	8.518081608458036
709000	-2803.3272573069967	639.0	-2811.164673395461	7.837416088464125
710000	-2805.0153463777488	640.0	-2809.395881941147	4.380535563398267
711000	-2800.92839315062	641.0	-2809.3327045639144	8.404311413294163
712000	-2802.577884737107	642.0	-2811.124086734921	8.546201997814062
713000	-2801.9902311298342	643.0	-2809.731665406263	7.74143427642854
714000	-2801.6931410120005	644.0	-2809.9873666796366	8.294225667636194
715000	-2802.851998640337	645.0	-2811.2816088733457	8.429610233008454
716000	-2804.8070534116746	646.0	-2810.1293583184465	5.3223049067718
717000	-2801.5850783339224	647.0	-2809.4300156121167	7.844937278194391
718000	-2800.773705212462	648.0	-2809.0384192063375	8.264713993875517
719000	-2807.1152354889505	648.0	-2815.039497059035	7.924261570084658
720000	-2800.6113816409093	649.0	-2808.5417615858237	7.930379944914437
721000	-2802.341514303468	650.0	-2809.567259315354	7.22574501188574
722000	-2803.3037594309044	651.0	-2811.5794281558155	8.275668724911213
723000	-2807.0489389649115	652.0	-2815.483888134456	8.43494916954415
724000	-2802.4303224454356	653.0	-2810.670436974853	8.240114529417488
725000	-2803.0607429992488	654.0	-2810.121486548706	7.060743549457259
726000	-2803.348693685024	655.0	-2811.594855147753	8.246161462729212
727000	-2801.6529584717114	656.0	-2810.0623888798978	8.409430408186344
728000	-2802.883894074554	657.0	-2810.118675864606	7.234781790051626
729000	-2805.519856507127	657.0	-2813.0799231784017	7.560066671274635
730000	-2802.135530815122	658.0	-2809.3761166599747	7.2405858448527125
731000	-2800.8774326088	659.0	-2808.9591690539623	8.08173644516209
732000	-2805.5821360992013	660.0	-2813.585239759792	8.003103660590488
733000	-2802.6484946047512	661.0	-2809.355685734723	6.707191129971905
734000	-2802.358833769425	662.0	-2811.00644027845	8.647606509025225
735000	-2800.6956458796703	663.0	-2808.8419164340025	8.146270554332297
736000	-2802.2967383124023	664.0	-2809.8938870758066	7.597148763404221
737000	-2804.9170216827947	665.0	-2813.0627113358028	8.14568965300792
738000	-2801.587665406074	666.0	-2809.7048188865697	8.117153480495958
739000	-2803.842921180513	666.0	-2812.198624764872	8.355703584359262
740000	-2801.867592398732	667.0	-2808.982557173312	7.11496477457999
741000	-2800.794353327228	668.0	-2808.541994210132	7.747640882904359
742000	-2801.9154574642776	669.0	-2810.2014285504533	8.28597108617595
743000	-2803.345239691744	670.0	-2811.409632168508	8.064392476763826
744000	-2804.5400542946363	671.0	-2810.5464944358228	6.006440141186385
745000	-2802.2390647611064	672.0	-2810.196768686539	7.95770392543265
746000	-2801.226193378311	673.0	-2809.378461602879	8.152268224567713
747000	-2803.1651803499753	674.0	-2811.337551226479	8.172370876503422
748000	-2804.2886727383657	675.0	-2811.5229378947847	7.234265156418955
749000	-2801.649006825641	675.0	-2809.6409704495372	7.991963623895835
750000	-2808.16606420413	676.0	-2815.8250660891335	7.659001885003564
751000	-2804.6028278358112	677.0	-2811.2529828326938	6.650154996882482
752000	-2802.8653420881947	678.0	-2810.3363556960503	7.4710136078554745
753000	-2800.8477756053635	679.0	-2808.8616367567242	8.01386115136089
754000	-2800.675496285863	680.0	-2808.8355933754233	8.16009708956
755000	-2805.638756990254	681.0	-2813.6595794586183	8.020822468364452
756000	-2808.2427540466683	682.0	-2817.2905866757847	9.047832629116549
757000	-2800.6331087384388	683.0	-2808.986572330433	8.353463591994206
758000	-2805.773912016337	684.0	-2814.4387128539756	8.664800837638506
759000	-2802.7907033907154	684.0	-2811.189205735893	8.398502345177771
760000	-2803.4056815001827	685.0	-2811.8041652773404	8.398483777157526
761000	-2805.467255366194	686.0	-2811.739934913071	6.272679546876841
762000	-2802.3567905825535	687.0	-2810.7472159181348	8.390425335581096
763000	-2800.641053900675	688.0	-2809.232927663234	8.59187376255907
764000	-2802.308239648167	689.0	-2810.7375510544302	8.42931140626342
765000	-2801.787891896947	690.0	-2809.199896631398	7.41200473445146
766000	-2801.05920721145	691.0	-2809.028442314868	7.969235103417538
767000	-2803.663346777656	692.0	-2810.097710523309	6.434363745653377
768000	-2802.025352866987	693.0	-2810.4295053209944	8.4041524540077
769000	-2801.5188878935887	693.0	-2810.030529583374	8.511641689785169
770000	-2800.767712930136	694.0	-2809.2506238525525	8.482910922416705
771000	-2804.981394142141	695.0	-2812.7747296609937	7.7933355188524445
772000	-2801.963799660382	696.0	-2809.881264126436	7.9174644660538975
773000	-2801.260202900598	697.0	-2809.433969843879	8.173766943280748
774000	-2805.064996657562	698.0	-2813.0212236046186	7.956226947056819
775000	-2804.79718229921	699.0	-2812.1313874001435	7.334205100933543
776000	-2801.479790445985	700.0	-2809.869086705294	8.389296259309049
777000	-2802.8779015438627	701.0	-2811.0374683813516	8.159566837488923
778000	-2803.3011104506336	702.0	-2811.65588387026	8.354773419626174
779000	-2801.791952199424	702.0	-2809.982809813105	8.190857613681242
780000	-2804.0873530626413	703.0	-2812.1479320935628	8.06057903092146
781000	-2805.045891408966	704.0	-2813.266160986019	8.220269577052909
782000	-2800.73752575343	705.0	-2808.9350083963036	8.197482642873734
783000	-2800.8499249768347	706.0	-2808.944609681212	8.094684704377368
784000	-2801.1266290548006	707.0	-2808.978441800842	7.851812746041481
785000	-2807.030514409181	708.0	-2814.336068226734	7.305553817552976
786000	-2801.5595426278155	709.0	-2809.5924895409316	8.032946913116238
787000	-2802.607060780451	710.0	-2811.0847338522112	8.477673071760227
788000	-2805.387926896435	711.0	-2813.002929911726	7.615003015290727
789000	-2801.7578682180606	711.0	-2810.050443836458	8.29257561839741
790000	-2802.2694038509076	712.0	-2811.0333347873902	8.763930936482726
791000	-2801.8137213855052	713.0	-2809.9967870659857	8.183065680480404
792000	-2800.6544706164987	714.0	-2808.8522418218004	8.197771205301738
793000	-2805.5307011911827	715.0	-2813.410790284264	7.88008909308113
794000	-2803.997612276644	716.0	-2810.863433485026	6.865821208382105
795000	-2804.04524951489	717.0	-2811.9629071248614	7.91765760997122
796000	-2800.4672881970205	718.0	-2808.927196885617	8.459908688596425
797000	-2803.401051071217	719.0	-2811.605366056895	8.204314985677952
798000	-2802.2754584445906	720.0	-2811.2151058595064	8.93964741491552
799000	-2804.1745629322218	720.0	-2811.4082753683447	7.233712436122781
800000	-2802.6433198851196	721.0	-2809.952159067004	7.308839181884195
801000	-2802.083101935947	722.0	-2809.8833725216764	7.800270585729278
802000	-2804.490742916725	723.0	-2812.789526695497	8.298783778771995
803000	-2802.368871163848	724.0	-2810.437583156072	8.068711992224134
804000	-2802.851272154029	725.0	-2811.3949230286244	8.543650874595034
805000	-2802.9052735007986	726.0	-2811.368572224807	8.463298724008315
806000	-2803.0282329802485	727.0	-2810.646654084068	7.618421103819482
807000	-2801.0637203269903	728.0	-2809.51778568162	8.454065354629796
808000	-2805.766527242595	729.0	-2814.352255387509	8.585728144914034
809000	-2801.9532841872915	729.0	-2810.486256487854	8.53297230056249
810000	-2801.015037350074	730.0	-2809.549694113284	8.534656763210199
811000	-2804.562548483119	731.0	-2812.526251252681	7.963702769561919
812000	-2806.0991720624347	732.0	-2813.289738186311	7.190566123876019
813000	-2801.6996267488394	733.0	-2809.4356869733792	7.736060224540056
814000	-2803.0152271657744	734.0	-2810.7402078042514	7.724980638476964
815000	-2805.0066167033056	735.0	-2811.6658397164783	6.659223013172555
816000	-2801.283061915272	736.0	-2809.726789321759	8.443727406487344
817000	-2802.610838679022	737.0	-2810.126458503259	7.515619824237123
818000	-2803.9944439942165	738.0	-2812.3024800398593	8.308036045643005
819000	-2806.5693130203913	738.0	-2815.2529697661494	8.683656745758194
820000	-2804.4840729611587	739.0	-2810.8742706969956	6.390197735836862
821000	-2800.483141018977	740.0	-2808.799326015838	8.3161849968606
822000	-2802.5260614267295	741.0	-2810.0383033722906	7.512241945561197
823000	-2801.31097659274	742.0	-2810.1305612671044	8.819584674364046
824000	-2803.359580801567	743.0	-2812.0843456746716	8.72476487310433
825000	-2800.460928494974	744.0	-2808.4902241548375	8.029295659863472
826000	-2803.044731200304	745.0	-2810.2512999819874	7.206568781683467
827000	-2802.725598809764	746.0	-2810.924623558714	8.199024748949736
828000	-2801.358385164575	747.0	-2809.5698846945547	8.211499529979685
829000	-2803.7714305958193	747.0	-2811.41419932504	7.642768729220933
830000	-2802.458127521374	748.0	-2810.3938213643996	7.935693843025575
831000	-2803.205817337645	749.0	-2810.583983306451	7.378165968806313
832000	-2806.83571902249	750.0	-2814.6458242859226	7.81010526343227
833000	-2807.128932641425	751.0	-2814.9390794779774	7.810146836552564
834000	-2800.9858355228757	752.0	-2809.517574045752	8.531738522876143
835000	-2801.176067744075	753.0	-2808.5913174931147	7.415249749039729
836000	-2802.268064538835	754.0	-2810.3618523576374	8.09378781880243
837000	-2801.9968162912924	755.0	-2810.7797743668457	8.782958075553106
838000	-2800.683655436479	756.0	-2808.850652882035	8.166997445555792
839000	-2802.5466150817506	756.0	-2811.015405227675	8.468790145924098
840000	-2800.2567443803246	757.0	-2808.743234164087	8.486489783762242
841000	-2803.255028371153	758.0	-2811.350928969106	8.09590059795309
842000	-2805.611127989311	759.0	-2814.452319706242	8.841191716931025
843000	-2802.2985848005774	760.0	-2810.466914116153	8.168329315575669
844000	-2808.7833587252494	761.0	-2817.374596931136	8.591238205886519
845000	-2803.6891468855124	762.0	-2811.7018589035188	8.012712018006338
846000	-2807.541848132784	763.0	-2813.4336177485907	5.891769615806678
847000	-2801.8951061675525	764.0	-2809.5239064731286	7.628800305576243
848000	-2802.0981759661663	765.0	-2809.865989775814	7.767813809647777
849000	-2803.5296382168376	765.0	-2810.0090699021666	6.479431685329079
850000	-2801.085494967033	766.0	-2809.3280181088167	8.242523141783861
851000	-2800.8154483767944	767.0	-2809.1813305989626	8.365882222168239
852000	-2801.7227360288985	768.0	-2809.49077972264	7.768043693741703
853000	-2800.432954145356	769.0	-2808.7701079138533	8.337153768497704
854000	-2802.0743450403784	770.0	-2810.8033847730444	8.729039732665996
855000	-2806.5019369184283	771.0	-2814.8176342875895	8.315697369161105
856000	-2804.4306442999805	772.0	-2810.773875188812	6.34323088883161
857000	-2801.9220815923727	773.0	-2810.213046580414	8.290964988041043
858000	-2803.1199308508835	774.0	-2810.2080795370744	7.088148686190684
859000	-2801.897885779847	774.0	-2810.1707038625477	8.272818082700784
860000	-2802.064770565499	775.0	-2809.8533638766303	7.788593311130891
861000	-2801.8820722266187	776.0	-2810.5977669079552	8.71569468133649
862000	-2803.7750189562776	777.0	-2811.702064600064	7.927045643786538
863000	-2802.3674438193734	778.0	-2810.287232904242	7.919789084868809
864000	-2801.534834114182	779.0	-2809.5443750503296	8.009540936147568
865000	-2801.1302908874236	780.0	-2808.522070773394	7.391779885970029
866000	-2800.4244137247	781.0	-2808.7398816705663	8.315467945866256
867000	-2806.5558576911085	782.0	-2812.9680856139726	6.412227922863927
868000	-2801.034370603084	783.0	-2809.411628720736	8.377258117652405
869000	-2800.2869394420018	783.0	-2808.660654582014	8.373715140012528
870000	-2804.647804513046	784.0	-2812.163737230691	7.515932717644935
871000	-2801.070244305059	785.0	-2809.430995475893	8.360751170833705
872000	-2801.3347630315848	786.0	-2809.4197819792435	8.085018947658686
873000	-2802.0287621730185	787.0	-2809.429610296695	7.4008481236763775
874000	-2801.2653661076233	788.0	-2809.7150852869063	8.449719179283171
875000	-2804.30331133733	789.0	-2811.2287334304483	6.925422093118527
876000	-2802.5376356825445	790.0	-2809.8697595611407	7.332123878596346
877000	-2801.1997201238087	791.0	-2809.573529452425	8.373809328616648
878000	-2803.202483055116	792.0	-2809.3011101824086	6.098627127292708
879000	-2802.5760453766425	792.0	-2810.6251047049386	8.049059328296018
880000	-2803.518693393352	793.0	-2811.1798556627755	7.661162269423741
881000	-2804.5726628554835	794.0	-2812.5854461031386	8.012783247655044
882000	-2802.3093708786423	795.0	-2809.578270566737	7.268899688094879
883000	-2802.1653130715954	796.0	-2810.6888673949647	8.523554323369364
884000	-2801.3107874335915	797.0	-2809.5448868838794	8.234099450287875
885000	-2801.2761722875944	798.0	-2809.4502585584737	8.17408627087953
886000	-2802.654986978683	799.0	-2810.2042118916856	7.549224913002655
887000	-2800.9780998569236	800.0	-2808.7780155068867	7.799915649963125
888000	-2804.2273432326147	801.0	-2810.3189744091087	6.091631176494191
889000	-2803.672753785785	801.0	-2811.8039386920086	8.131184906223726
890000	-2801.3413092821424	802.0	-2809.459144193356	8.117834911213818
891000	-2802.751334519864	803.0	-2811.21231662706	8.460982107195784
892000	-2803.271289561156	804.0	-2810.8742328623093	7.602943301153291
893000	-2802.329869708358	805.0	-2809.7747926140337	7.444922905676017
894000	-2804.563425450916	806.0	-2812.5614336968547	7.99800824593896
895000	-2806.2339550368465	807.0	-2812.5026108054	6.268655768553188
896000	-2802.9323905448346	808.0	-2810.522310666741	7.589920121906177
897000	-2804.8418274011337	809.0	-2810.8348249357027	5.9929975345689055
898000	-2804.559615885828	810.0	-2812.14120440612	7.581588520291837
899000	-2803.858297273719	810.0	-2811.9836652062327	8.125367932513694
900000	-2802.4293608580797	811.0	-2810.6069811833704	8.177620325290828
901000	-2801.203147441212	812.0	-2809.6998784806337	8.496731039421986
902000	-2801.487261015839	813.0	-2809.6789439934932	8.191682977654397
903000	-2802.3293248444006	814.0	-2810.5151878152346	8.185862970833835
904000	-2804.26278763454	815.0	-2813.255787064519	8.992999429979303
905000	-2803.8085812986674	816.0	-2809.9520521181876	6.143470819520349
906000	-2802.0763113461603	817.0	-2810.3267041101526	8.250392763992284
907000	-2802.8973532839696	818.0	-2810.1534449878986	7.256091703929282
908000	-2802.680555757903	819.0	-2810.913632245608	8.233076487704677
909000	-2805.161980440789	819.0	-2812.810478188181	7.648497747391852
910000	-2801.993832970591	820.0	-2809.7820952977527	7.788262327161766
911000	-2801.8265959118953	821.0	-2809.7289117380524	7.902315826156926
912000	-2803.7624068497717	822.0	-2811.4238890217785	7.661482172006967
913000	-2802.0154131390814	823.0	-2810.1940378787663	8.178624739684754
914000	-2802.8831699153266	824.0	-2810.2337833743372	7.3506134590108045
915000	-2801.8975283666664	825.0	-2810.2174665566736	8.319938190007235
916000	-2801.0850276245383	826.0	-2809.177460562424	8.092432937886082
917000	-2800.523662292882	827.0	-2808.4712184149316	7.9475561220498925
918000	-2802.835400699459	828.0	-2811.041780837686	8.20638013822676
919000	-2802.830416013542	828.0	-2810.64259120848	7.812175194938002
920000	-2802.4768550985737	829.0	-2809.6208124852537	7.143957386680273
921000	-2803.168429681213	830.0	-2810.287183930998	7.118754249784453
922000	-2801.150103899134	831.0	-2809.598783645365	8.44867974623087
923000	-2802.527781146412	832.0	-2811.266248165268	8.738467018855683
924000	-2800.454421750238	833.0	-2808.539168620062	8.084746869823778
925000	-2802.114172597573	834.0	-2810.4148110314	8.300638433826979
926000	-2804.186076014337	835.0	-2812.5601805826122	8.374104568275468
927000	-2806.402548751581	836.0	-2812.9598819389407	6.557333187359855
928000	-2803.0932001216456	837.0	-2811.4835333997266	8.390333278080824
929000	-2800.5884425892414	837.0	-2809.023500451878	8.435057862636748
930000	-2803.280348799557	838.0	-2811.359415790144	8.079066990586671
931000	-2802.098942735819	839.0	-2809.4597548498027	7.3608121139838625
932000	-2805.4810681425647	840.0	-2813.2604811247365	7.779412982171802
933000	-2806.0512719406443	841.0	-2813.1385950269796	7.087323086335459
934000	-2803.870520541058	842.0	-2812.552429248084	8.681908707026025
935000	-2801.6916568911515	843.0	-2809.646922669156	7.955265778004495
936000	-2802.222883172492	844.0	-2810.67091407086	8.448030898368161
937000	-2804.510437072193	845.0	-2811.923930870175	7.413493797982056
938000	-2804.2740640110824	846.0	-2811.797580159616	7.5235161485332815
939000	-2803.1597382208042	846.0	-2811.581757027515	8.422018806710764
940000	-2805.0701529696585	847.0	-2812.100399602666	7.0302466330075335
941000	-2804.8047370249724	848.0	-2813.7325492866494	8.927812261677166
942000	-2801.05532691719	849.0	-2809.078041431751	8.022714514560763
943000	-2801.7150787710793	850.0	-2810.2995255708834	8.584446799803812
944000	-2802.2226436100214	851.0	-2810.726553004519	8.503909394497647
945000	-2806.5681425960825	852.0	-2814.0124364612916	7.4442938652091755
946000	-2803.9337161904073	853.0	-2812.4294881630653	8.49577197265814
947000	-2802.09899347562	854.0	-2810.9206716980843	8.821678222464534
948000	-2805.606558103478	855.0	-2813.04642606539	7.439867961911812
949000	-2801.0680652171864	855.0	-2809.7591945567237	8.69112933953725
950000	-2807.4871989897324	856.0	-2815.1013131927984	7.614114203066162
951000	-2801.902288681844	857.0	-2809.7654787545234	7.863190072679675
952000	-2802.900552957237	858.0	-2810.6992776044526	7.798724647215729
953000	-2801.1979388619197	859.0	-2809.3067166965966	8.108777834676811
954000	-2805.5593168859837	860.0	-2814.1022164346273	8.542899548643543
955000	-2805.7576017876772	861.0	-2813.5299994858333	7.772397698156114
956000	-2801.7647968380866	862.0	-2810.495291878286	8.730495040199237
957000	-2803.016420959085	863.0	-2810.0398477312383	7.023426772153466
958000	-2802.3174660471514	864.0	-2810.7407699675723	8.42330392042107
959000	-2801.418737753966	864.0	-2809.6762176801085	8.257479926142548
960000	-2801.454125199431	865.0	-2809.096691216136	7.642566016705218
961000	-2804.9589521554203	866.0	-2811.4166928568256	6.45774070140547
962000	-2801.4636773796133	867.0	-2809.4634546379357	7.999777258322595
963000	-2800.820842887553	868.0	-2808.4802320867893	7.659389199236063
964000	-2805.37354749985	869.0	-2813.505869044471	8.132321544621252
965000	-2803.3875947197266	870.0	-2809.3046825133383	5.917087793611591
966000	-2801.785978623171	871.0	-2810.0664599976717	8.280481374500544
967000	-2800.9088552522353	872.0	-2809.05092869867	8.142073446434566
968000	-2804.0044782649043	873.0	-2811.3877880039845	7.383309739080445
969000	-2801.8134474743974	873.0	-2809.5865672802684	7.773119805870715
970000	-2803.539129524772	874.0	-2810.9109356289086	7.371806104136669
971000	-2801.6464573448893	875.0	-2810.2617957397974	8.615338394908182
972000	-2801.1831309329305	876.0	-2809.743592129244	8.56046119631349
973000	-2802.1200125467044	877.0	-2810.1229192188	8.002906672095225
974000	-2800.8807778584037	878.0	-2809.3988890339306	8.51811117552678
975000	-2803.22714808506	879.0	-2811.069978286495	7.842830201435159
976000	-2802.9089673754256	880.0	-2810.8023404539626	7.89337307853721
977000	-2801.536075675399	881.0	-2809.484026971677	7.9479512962780845
978000	-2803.8938856653103	882.0	-2812.1979091356143	8.30402347030396
979000	-2800.6588982305034	882.0	-2808.933486722447	8.274588491943433
980000	-2802.3380090575447	883.0	-2810.4829075743405	8.144898516795816
981000	-2802.545432822054	884.0	-2810.4986960846736	7.953263262619572
982000	-2802.565716184589	885.0	-2811.360753957481	8.795037772891929
983000	-2802.450012629471	886.0	-2810.1140417168076	7.664029087336529
984000	-2805.853345671711	887.0	-2813.936421075438	8.083075403726898
985000	-2801.496504365579	888.0	-2810.051202079572	8.554697713992883
986000	-2802.860637140258	889.0	-2810.7064809282733	7.845843788015581
987000	-2801.911849446973	890.0	-2809.3344337151166	7.422584268143697
988000	-2800.4354172687663	891.0	-2808.8825092300676	8.447091961301503
989000	-2802.623708234168	891.0	-2810.1515933200267	7.527885085858494
990000	-2802.8392695587536	892.0	-2811.7861463753707	8.946876816617259
991000	-2804.4011462902563	893.0	-2812.9128178355904	8.511671545334064
992000	-2800.3312144907063	894.0	-2808.6852361757033	8.354021684996823
993000	-2801.2497827102916	895.0	-2809.5705940015237	8.320811291231895
994000	-2803.2442309415796	896.0	-2810.984753090977	7.740522149397215
995000	-2804.828115245942	897.0	-2811.871203892279	7.04308864633682
996000	-2800.6623278621087	898.0	-2808.591165758591	7.928837896482666
997000	-2804.693826785469	899.0	-2812.6777922871534	7.983965501684574
998000	-2804.6443122955407	900.0	-2811.87464042747	7.230328131928986
999000	-2803.638885956311	900.0	-2810.463388124201	6.824502167890393
1000000	-2800.795885570573	901.0	-2809.1528138672097	8.356928296637076
1001000	-2801.472560495342	902.0	-2809.8285559922956	8.355995496953902
1002000	-2807.5239189036292	903.0	-2814.703329396803	7.179410493173764
1003000	-2803.566925871164	904.0	-2811.7115807364958	8.144654865331756
1004000	-2801.830601640123	905.0	-2810.515715041826	8.685113401702754
1005000	-2803.776774722543	906.0	-2810.820390842848	7.043616120305198
1006000	-2803.563159517955	907.0	-2809.6227456599418	6.059586141987129
1007000	-2801.9337007024646	908.0	-2810.7494491734487	8.815748470984259
1008000	-2801.3516479956797	909.0	-2809.5864925163496	8.234844520669991
1009000	-2803.2748665539984	909.0	-2811.3536205030787	8.078753949080195
1010000	-2804.2760258474136	910.0	-2812.9780131411467	8.701987293733234
1011000	-2803.3307877989137	911.0	-2811.1328946964454	7.802106897531827
1012000	-2803.5302997146514	912.0	-2811.9642527126653	8.433952998013684
1013000	-2804.732247168849	913.0	-2812.6136843262716	7.881437157422653
1014000	-2802.9995602472745	914.0	-2811.8149529193543	8.815392672079717
1015000	-2805.387732610386	915.0	-2813.1485148645625	7.760782254176209
1016000	-2800.879512853215	916.0	-2809.6436642291724	8.764151375957365
1017000	-2800.50208094821	917.0	-2808.774028581191	8.271947632981018
1018000	-2802.6770332911356	918.0	-2810.6132581772154	7.936224886079597
1019000	-2801.770527326026	918.0	-2809.5287217147725	7.758194388746804
1020000	-2802.3581403306853	919.0	-2810.2688489829943	7.910708652309136
1021000	-2801.3570652043272	920.0	-2808.9745598828576	7.617494678530338
1022000	-2800.4332292941303	921.0	-2808.676035632133	8.242806338002344
1023000	-2802.377671816485	922.0	-2810.4289371765585	8.051265360073504
1024000	-2802.0464613884246	923.0	-2810.388061763247	8.341600374822356
1025000	-2800.6653516690444	924.0	-2809.07515251025	8.409800841205652
1026000	-2801.3999235962865	925.0	-2809.810747831738	8.410824235451212
1027000	-2801.7179843529902	926.0	-2809.4916202941954	7.773635941205133
1028000	-2804.8293466625496	927.0	-2811.9192398775835	7.089893215034128
1029000	-2808.7718284492976	927.0	-2816.495373246712	7.72354479741438
1030000	-2803.380876348556	928.0	-2810.905225209295	7.5243488607395355
1031000	-2801.0136096473993	929.0	-2809.417426288271	8.403816640871709
1032000	-2803.0523281832166	930.0	-2812.0927981882587	9.040470005042007
1033000	-2801.32823671432	931.0	-2809.195676083297	7.86743936897662
1034000	-2802.461413955131	932.0	-2810.3565828130427	7.895168857912001
1035000	-2801.85057973108	933.0	-2809.2126817754297	7.362102044349783
1036000	-2800.67379882262	934.0	-2808.886321188934	8.212522366313767
1037000	-2801.268437970749	935.0	-2809.4092678845186	8.140829913769895
1038000	-2801.7370023762605	936.0	-2809.9619702378045	8.224967861543938
1039000	-2803.522187771299	936.0	-2811.1401387084006	7.617950937101837
1040000	-2803.4243643579907	937.0	-2811.1391598432742	7.714795485283532
1041000	-2803.5083611650202	938.0	-2810.6727870115114	7.164425846491368
1042000	-2802.0986004841166	939.0	-2810.7710858520204	8.67248536790395
1043000	-2803.5014149890662	940.0	-2811.3270412826787	7.8256262936125935
1044000	-2807.176136138664	941.0	-2811.786635891238	4.610499752574192
1045000	-2807.4278687592464	942.0	-2815.301021571432	7.873152812185756
1046000	-2801.7819294926408	943.0	-2810.492513234567	8.710583741926092
1047000	-2801.553753791176	944.0	-2809.7022755909975	8.148521799821628
1048000	-2801.15647174589	945.0	-2809.3222903090777	8.165818563187493
1049000	-2802.170273144472	945.0	-2810.3129451621494	8.142672017677512
1050000	-2803.2585192941224	946.0	-2811.0391222703042	7.780602976182036
1051000	-2801.032431798782	947.0	-2808.6872319501736	7.654800151391742
1052000	-2802.8553536307595	948.0	-2810.7297349776213	7.8743813468618225
1053000	-2802.8949444275986	949.0	-2810.291097692599	7.39615326500073
1054000	-2802.6751060636575	950.0	-2810.5665946813665	7.891488617709162
1055000	-2801.470692129544	951.0	-2810.0380992600426	8.567407130498225
1056000	-2801.810457499297	952.0	-2810.082681734578	8.272224235280436
1057000	-2803.104989260927	953.0	-2811.8038679330666	8.698878672139664
1058000	-2806.0201194110787	954.0	-2812.2744910928454	6.254371681766642
1059000	-2803.050320199638	954.0	-2810.6494734194603	7.599153219822043
1060000	-2801.675396253755	955.0	-2808.592511071513	6.917114817758041
1061000	-2801.9012034816105	956.0	-2809.5412546566863	7.64005117507593
1062000	-2803.6684852141343	957.0	-2811.4854807110446	7.816995496910372
1063000	-2806.6965054633724	958.0	-2814.6667982923595	7.9702928289871
1064000	-2801.054672155236	959.0	-2809.3330572928357	8.278385137599837
1065000	-2802.222557697023	960.0	-2810.9879978276913	8.765440130668019
1066000	-2802.6425770193428	961.0	-2810.7020601129907	8.059483093647756
1067000	-2802.7994881952577	962.0	-2809.97688648754	7.177398292282406
1068000	-2804.6403909192536	963.0	-2809.7218388120955	5.0814478928420215
1069000	-2801.162119527169	963.0	-2809.2168092418133	8.054689714644013
1070000	-2803.5229379733364	964.0	-2809.55715140874	6.03421343540383
1071000	-2801.3268490753694	965.0	-2809.2528403177985	7.925991242428843
1072000	-2805.1635584587593	966.0	-2813.657795846756	8.494237387996865
1073000	-2802.70779069135	967.0	-2811.223440649721	8.515649958371107
1074000	-2807.0876444660867	968.0	-2814.7985243775324	7.710879911445937
1075000	-2804.7817429927654	969.0	-2811.740434570194	6.958691577428648
1076000	-2800.9542460810526	970.0	-2809.236861587471	8.282615506418328
1077000	-2803.749967377598	971.0	-2811.393682353802	7.643714976204085
1078000	-2803.899697532234	972.0	-2812.0066450284353	8.106947496201308
1079000	-2803.425493217308	972.0	-2810.6401152599897	7.214622042681556
1080000	-2808.949610750752	973.0	-2816.017608668225	7.067997917472856
1081000	-2803.0878605953885	974.0	-2810.890821897915	7.802961302526259
1082000	-2802.9397269055103	975.0	-2811.212574902794	8.272847997283847
1083000	-2801.3997277112335	976.0	-2809.3136985546516	7.913970843418286
1084000	-2800.861621402485	977.0	-2808.970571192927	8.10894979044163
1085000	-2804.0376950645305	978.0	-2811.7532448151846	7.7155497506543504
1086000	-2800.986265271123	979.0	-2809.572228593681	8.585963322557891
1087000	-2804.646849492923	980.0	-2810.2843849564833	5.63753546356042
1088000	-2804.755486276979	981.0	-2811.9333384175957	7.17785214061681
1089000	-2803.5824968234065	981.0	-2811.299994799846	7.717497976439707
1090000	-2805.382985849511	982.0	-2811.0668336555086	5.683847805997754
1091000	-2801.5195801668224	983.0	-2809.631124793536	8.11154462671351
1092000	-2803.340551826078	984.0	-2811.8086250971182	8.468073271040147
1093000	-2804.334269640701	985.0	-2812.4909006774146	8.156631036713627
1094000	-2803.6430381598047	986.0	-2811.581594818339	7.938556658534241
1095000	-2801.3050271309476	987.0	-2809.325647117907	8.020619986959584
1096000	-2805.9209800790018	988.0	-2814.6176665235257	8.69668644452398
1097000	-2804.2914800328217	989.0	-2812.4265236304736	8.135043597651908
1098000	-2802.179135280372	990.0	-2810.5607100532193	8.38157477284699
1099000	-2805.703347543959	990.0	-2812.989687108326	7.28633956436719
1100000	-2808.651224933057	991.0	-2816.54493418695	7.893709253892556
1101000	-2803.2640705285576	992.0	-2811.138296212055	7.874225683497608
1102000	-2802.159139677559	993.0	-2810.7718091224033	8.612669444844322
1103000	-2802.8045262462606	994.0	-2811.337842913402	8.53331666714125
1104000	-2802.095794083898	995.0	-2809.801347665567	7.705553581669149
1105000	-2801.1746488387325	996.0	-2809.0414555151465	7.8668066764140265
1106000	-2803.454506155819	997.0	-2811.83561693786	8.381110782040796
1107000	-2803.0671049521484	998.0	-2810.9040255412046	7.836920589056314
1108000	-2806.0082948424915	999.0	-2813.61597870223	7.6076838597388
1109000	-2805.449502303497	999.0	-2812.956543918357	7.507041614860134
1110000	-2805.0087004208604	1000.0	-2813.076241964318	8.067541543457676
1111000	-2802.587767957791	1001.0	-2810.404573111868	7.816805154077098
1112000	-2802.9827000224377	1002.0	-2810.107423413373	7.124723390935283
1113000	-2801.27331616989	1003.0	-2809.0237812184178	7.750465048527743
1114000	-2802.1046035184213	1004.0	-2810.1152916604588	8.010688142037635
1115000	-2800.8393652724862	1005.0	-2809.348841043317	8.509475770830583
1116000	-2806.760389975146	1006.0	-2812.5571429916154	5.796753016469318
1117000	-2802.4597353244626	1007.0	-2810.316509292575	7.856773968112636
1118000	-2802.0958551983354	1008.0	-2810.185339586086	8.089484387750408
1119000	-2801.8161104513283	1008.0	-2810.4020609415124	8.585950490184157
1120000	-2802.922185034098	1009.0	-2811.0429429151013	8.120757881003271
1121000	-2803.178188354774	1010.0	-2811.9170138668637	8.738825512089747
1122000	-2802.041603333871	1011.0	-2810.428441874989	8.386838541118067
1123000	-2804.3287991079146	1012.0	-2812.523671370296	8.194872262381462
1124000	-2802.804932767976	1013.0	-2811.462449909267	8.65751714129085
1125000	-2800.9953406742907	1014.0	-2809.200635037388	8.205294363097579
1126000	-2801.7567091636074	1015.0	-2809.680086608578	7.9233774449705905
1127000	-2802.6495938564594	1016.0	-2809.7744383604827	7.124844504023354
1128000	-2804.9445622821017	1017.0	-2813.354916557943	8.410354275841392
1129000	-2802.412451013433	1017.0	-2810.7555110819235	8.343060068490416
1130000	-2802.3523010751546	1018.0	-2810.450620312129	8.098319236974596
1131000	-2803.507235206982	1019.0	-2810.3471352511674	6.839900044185437
1132000	-2802.349009787867	1020.0	-2810.3362754025534	7.987265614686443
1133000	-2800.314082971984	1021.0	-2808.8568462629255	8.542763290941291
1134000	-2804.8377641672832	1022.0	-2811.049224292856	6.211460125572636
1135000	-2803.5619193113066	1023.0	-2809.006302775468	5.444383464161401
1136000	-2805.7995756814976	1024.0	-2813.5494252808767	7.749849599379088
1137000	-2802.7272588953592	1025.0	-2810.381029712242	7.653770816882591
1138000	-2801.4462662928854	1026.0	-2809.773261372275	8.326995079389901
1139000	-2805.4238420015563	1026.0	-2810.623965458518	5.200123456961423
1140000	-2800.5232605699616	1027.0	-2809.0973329391886	8.574072369227029
1141000	-2801.223928867884	1028.0	-2809.7695716929975	8.545642825113662
1142000	-2811.0921977770104	1029.0	-2816.5788133339765	5.4866155569660915
1143000	-2803.527413194457	1030.0	-2811.2056831411255	7.67826994666869
1144000	-2806.7575637906934	1031.0	-2813.9578167931727	7.200253002479439
1145000	-2801.7738510624094	1032.0	-2810.2178769051743	8.444025842764677
1146000	-2804.0193266658616	1033.0	-2811.040156928233	7.020830262371446
1147000	-2803.5948826800964	1034.0	-2811.783612423828	8.188729743731688
1148000	-2806.3375993837244	1035.0	-2813.797227122891	7.459627739166311
1149000	-2803.1008275374334	1035.0	-2810.4862537656263	7.385426228192733
1150000	-2802.811910148484	1036.0	-2811.1848527880575	8.37294263957339
1151000	-2802.1227304990225	1037.0	-2809.2952533221705	7.172522823148174
1152000	-2802.769851950518	1038.0	-2810.406508881301	7.6366569307827215
1153000	-2804.4678310824593	1039.0	-2811.504029296038	7.036198213578686
1154000	-2800.5241333279464	1040.0	-2808.489140908156	7.9650075802095595
1155000	-2803.2908442360495	1041.0	-2812.0150945018845	8.724250265835224
1156000	-2804.5507756314055	1042.0	-2812.4472238794347	7.896448248028982
1157000	-2802.4121223809443	1043.0	-2809.453773548474	7.041651167529744
1158000	-2802.5302394026166	1044.0	-2810.161213096491	7.630973693874459
1159000	-2802.0785880792246	1044.0	-2809.9930434141083	7.914455334883732
1160000	-2804.553618747242	1045.0	-2810.7893903659688	6.23577161872642
1161000	-2801.974150391669	1046.0	-2810.4476122524898	8.473461860820992
1162000	-2801.361274892646	1047.0	-2809.496873936134	8.135599043487575
1163000	-2806.726691727251	1048.0	-2814.74726604081	8.020574313558797
1164000	-2802.99966885761	1049.0	-2810.145392125854	7.14572326824418
1165000	-2806.5753514940175	1050.0	-2813.9134229551105	7.338071461092797
1166000	-2802.362860182025	1051.0	-2809.7326489872594	7.369788805234084
1167000	-2805.836723974061	1052.0	-2813.879542342992	8.042818368930766
1168000	-2805.7460161743793	1053.0	-2811.8920495759826	6.146033401603518
1169000	-2800.6776394993553	1053.0	-2809.2291988689376	8.551559369582066
1170000	-2805.5044842041484	1054.0	-2813.3088918217254	7.804407617577148
1171000	-2803.0338428403124	1055.0	-2810.8283729589166	7.794530118604069
1172000	-2800.8767880675637	1056.0	-2809.4114781607527	8.534690093188935
1173000	-2805.7868863429903	1057.0	-2814.5126242482943	8.725737905303875
1174000	-2807.2913506526847	1058.0	-2815.640349826819	8.348999174134413
1175000	-2802.654997794318	1059.0	-2810.3614767011454	7.7064789068273445
1176000	-2801.09739279645	1060.0	-2809.439242804003	8.341850007552738
1177000	-2805.593446025098	1061.0	-2812.167233573741	6.573787548643317
1178000	-2802.430282052948	1062.0	-2810.6926093317943	8.262327278846396
1179000	-2802.9773438635766	1062.0	-2810.54577860904	7.568434745463388
1180000	-2803.6783767734864	1063.0	-2810.9924799253686	7.314103151881929
1181000	-2801.4261043204488	1064.0	-2809.4167062981546	7.99060197770603
1182000	-2801.622358396065	1065.0	-2810.0345246331476	8.412166237082436
1183000	-2801.7376810794694	1066.0	-2810.165502611988	8.42782153251867
1184000	-2802.934626253731	1067.0	-2811.1844943536585	8.249868099927532
1185000	-2803.007207000948	1068.0	-2810.84985802285	7.8426510219024115
1186000	-2801.296470324731	1069.0	-2809.3296555268907	8.033185202159316
1187000	-2808.5886741319555	1070.0	-2814.2710661847177	5.68239205276239
1188000	-2802.4863608754827	1071.0	-2810.396055553026	7.909694677543672
1189000	-2802.7621739588194	1071.0	-2810.368062428888	7.605888470068664
1190000	-2803.947697577153	1072.0	-2812.029737165359	8.082039588206248
1191000	-2805.747495422124	1073.0	-2813.7315802994453	7.984084877321544
1192000	-2803.020662205627	1074.0	-2810.5861822244324	7.565520018805057
1193000	-2801.55409883041	1075.0	-2809.472094357612	7.917995527201896
1194000	-2803.58584962489	1076.0	-2811.6824582111253	8.096608586235291
1195000	-2802.3180997395916	1077.0	-2809.9681372581317	7.650037518540198
1196000	-2801.478231283294	1078.0	-2809.5693608260613	8.091129542767046
1197000	-2804.2446652525596	1079.0	-2810.9066921324934	6.662026879933624
1198000	-2800.657838583467	1080.0	-2808.559706988183	7.901868404715819
1199000	-2801.9350067159326	1080.0	-2810.600584338443	8.66557762251001
1200000	-2803.295559197323	1081.0	-2811.039104705202	7.743545507878872
1201000	-2800.9730975572324	1082.0	-2809.4537536255793	8.480656068346889
1202000	-2800.639599884921	1083.0	-2809.0319498667027	8.39234998178161
1203000	-2803.160774568807	1084.0	-2811.573007384874	8.412232816066837
1204000	-2804.505762838606	1085.0	-2811.8337490771505	7.327986238544394
1205000	-2804.6790310726756	1086.0	-2813.198772403333	8.519741330657116
1206000	-2804.557971943652	1087.0	-2811.4408261579574	6.882854214305635
1207000	-2801.750605104756	1088.0	-2809.8394233044964	8.08881819974063
1208000	-2802.934129839289	1089.0	-2810.3387337667577	7.40460392746877
1209000	-2801.3886306226095	1089.0	-2809.87506436997	8.486433747360529
1210000	-2801.696762778941	1090.0	-2809.4667502993057	7.769987520364676
1211000	-2802.3331569430306	1091.0	-2810.676872842154	8.343715899123383
1212000	-2800.942773348772	1092.0	-2809.0889156256635	8.14614227689179
1213000	-2800.9097929476916	1093.0	-2809.580563016463	8.670770068771784
1214000	-2800.7963410630596	1094.0	-2809.020978335041	8.224637271981369
1215000	-2801.7574104881905	1095.0	-2810.0014921169522	8.244081628761618
1216000	-2802.593527044053	1096.0	-2811.5146223437278	8.921095299674677
1217000	-2801.7462195450403	1097.0	-2809.50415748532	7.75793794027946
1218000	-2802.835865634961	1098.0	-2811.372584845213	8.536719210252253
1219000	-2803.162975351815	1098.0	-2811.2618709365424	8.098895584727615
1220000	-2806.9240126557784	1099.0	-2815.0006258410635	8.076613185285119
1221000	-2802.4173758602437	1100.0	-2811.2173634649344	8.799987604690404
1222000	-2805.365231070097	1101.0	-2811.95375108063	6.588520010532998
1223000	-2804.6051424174207	1102.0	-2813.685476286294	9.080333868873204
1224000	-2801.1162848348026	1103.0	-2809.3298833940476	8.213598559244907
1225000	-2803.7132739898	1104.0	-2811.8325629861547	8.11928899635441
1226000	-2801.539670896775	1105.0	-2809.394936226045	7.855265329269939
1227000	-2801.4840813425717	1106.0	-2809.6081147751556	8.124033432583857
1228000	-2803.8349091174296	1107.0	-2811.4239897155203	7.589080598090568
1229000	-2801.1790976169586	1107.0	-2808.882722309237	7.703624692278589
1230000	-2803.637693530924	1108.0	-2811.7991443657565	8.161450834832472
1231000	-2801.9841000515776	1109.0	-2810.4114495961653	8.427349544587763
1232000	-2801.8104333764154	1110.0	-2810.258755024909	8.448321648493625
1233000	-2805.3852873453816	1111.0	-2813.7444466729667	8.359159327585036
1234000	-2803.3457431828356	1112.0	-2811.112959333102	7.767216150266452
1235000	-2801.582730045921	1113.0	-2810.122814701179	8.540084655257921
1236000	-2801.446294337488	1114.0	-2809.283247779054	7.83695344156599
1237000	-2802.9249645158293	1115.0	-2811.203936949657	8.27897243382753
1238000	-2801.6149723064295	1116.0	-2808.627659361571	7.01268705514154
1239000	-2803.073574771076	1116.0	-2810.472926832343	7.399352061267212
1240000	-2803.776535412178	1117.0	-2811.76668271592	7.990147303741965
1241000	-2804.8587718405543	1118.0	-2811.241158149284	6.382386308729668
1242000	-2803.7045418842144	1119.0	-2811.3224688656182	7.617926981403977
1243000	-2801.84106407194	1120.0	-2809.9191147496713	8.078050677731355
1244000	-2801.735042513886	1121.0	-2809.765872152404	8.030829638517938
1245000	-2805.597526108964	1122.0	-2813.6001738188806	8.002647709916733
1246000	-2803.2101255873895	1123.0	-2811.4823327339836	8.272207146593978
1247000	-2800.2522027985947	1124.0	-2808.455582594649	8.203379796054364
1248000	-2800.8440229186986	1125.0	-2809.193640736256	8.349617817557515
1249000	-2806.01316846574	1125.0	-2813.295312416092	7.2821439503522685
1250000	-2801.1518299279824	1126.0	-2809.7354285768597	8.583598648877505
1251000	-2802.433605510216	1127.0	-2810.5523091109158	8.118703600699922
1252000	-2803.430622152714	1128.0	-2811.462022862018	8.03140070930407
1253000	-2800.9914552817854	1129.0	-2809.107086663469	8.115631381683766
1254000	-2804.345828542723	1130.0	-2811.4696311008265	7.123802558103195
1255000	-2802.433622090869	1131.0	-2810.3687164268395	7.935094335970272
1256000	-2803.3259517517968	1132.0	-2811.2669238178964	7.9409720660998175
1257000	-2803.774876758242	1133.0	-2812.4190062757543	8.644129517512113
1258000	-2801.9256144212723	1134.0	-2809.9882551502315	8.062640728959003
1259000	-2802.7280008980388	1134.0	-2811.48243280934	8.754431911301118
1260000	-2804.0763827725173	1135.0	-2811.946240262925	7.869857490407952
1261000	-2804.1576358032426	1136.0	-2809.3712266179014	5.213590814658705
1262000	-2805.407133482427	1137.0	-2812.711934503386	7.3048010209589425
1263000	-2800.6591496845717	1138.0	-2809.005378893373	8.34622920880109
1264000	-2805.1371921784266	1139.0	-2813.7856618273863	8.648469648959463
1265000	-2801.427662917704	1140.0	-2810.011278029686	8.583615111982118
1266000	-2801.7044800789668	1141.0	-2809.7288254999785	8.024345421011684
1267000	-2804.2959440334707	1142.0	-2812.686897536085	8.390953502614297
1268000	-2804.4687536410784	1143.0	-2810.1488225875737	5.68006894649549
1269000	-2804.264477457443	1143.0	-2813.020810601752	8.756333144309464
1270000	-2801.8391957983376	1144.0	-2809.7979277683385	7.958731970000672
1271000	-2804.1161371673493	1145.0	-2811.7671787698314	7.651041602481908
1272000	-2801.24143570458	1146.0	-2809.1271659042172	7.88573019963734
1273000	-2801.0708695605954	1147.0	-2809.377992142353	8.30712258175759
1274000	-2806.220850012967	1148.0	-2813.9835918393696	7.762741826403041
1275000	-2801.660844681367	1149.0	-2809.9387665720355	8.277921890668505
1276000	-2807.8447875440074	1150.0	-2816.182628777752	8.337841233744717
1277000	-2802.003183458328	1151.0	-2809.8886290286573	7.885445570329617
1278000	-2802.9565096304236	1152.0	-2810.978028704015	8.021519073591127
1279000	-2802.708350456543	1152.0	-2810.5735376365096	7.8651871799666075
1280000	-2803.491631631118	1153.0	-2811.616808992322	8.125177361204344
1281000	-2802.7651080076316	1154.0	-2811.088855261045	8.323747253413439
1282000	-2801.0470827351883	1155.0	-2809.351659896585	8.304577161396487
1283000	-2803.5731761144802	1156.0	-2811.381101186524	7.807925072043755
1284000	-2801.8503903016217	1157.0	-2810.0931487813227	8.242758479700898
1285000	-2800.8180562539205	1158.0	-2809.0121728792083	8.194116625287933
1286000	-2804.851408163755	1159.0	-2810.9646589921745	6.113250828419462
1287000	-2803.0319904078547	1160.0	-2811.4198294324974	8.387839024642762
1288000	-2801.96566175669	1161.0	-2810.23852298453	8.272861227839883
1289000	-2802.1997412458654	1161.0	-2809.4052171543144	7.205475908449207
1290000	-2801.814775890622	1162.0	-2809.9786617643717	8.163885873749463
1291000	-2802.872334150855	1163.0	-2809.8917491079815	7.019414957126465
1292000	-2802.830435672069	1164.0	-2810.8203223386668	7.9898866665975214
1293000	-2807.7454443139586	1165.0	-2816.9523765688728	9.20693225491405
1294000	-2801.230661505034	1166.0	-2809.3259882901298	8.09532678509576
1295000	-2801.0271356602434	1167.0	-2809.662973843726	8.635838183482742
1296000	-2801.173797941466	1168.0	-2809.645278532031	8.471480590564902
1297000	-2802.910880885626	1169.0	-2811.106997279781	8.196116394155021
1298000	-2808.051791011507	1170.0	-2816.659749733455	8.607958721948169
1299000	-2804.1517672509194	1170.0	-2808.69525668426	4.543489433340826
1300000	-2804.1478027496214	1171.0	-2811.6751238567495	7.527321107127909
1301000	-2805.2456357395777	1172.0	-2813.3423320617353	8.096696322157438
1302000	-2801.7442057054554	1173.0	-2809.6936541233163	7.949448417860756
1303000	-2800.9907480430293	1174.0	-2809.218706885363	8.227958842333983
1304000	-2803.048291539504	1175.0	-2811.2187146569477	8.17042311744331
1305000	-2803.2831320863656	1176.0	-2810.172006799841	6.888874713475275
1306000	-2802.2283697080993	1177.0	-2810.885436588961	8.657066880861612
1307000	-2801.324086616115	1178.0	-2809.2797907031218	7.955704087006911
1308000	-2800.9125759625017	1179.0	-2809.4374421948783	8.524866232376452
1309000	-2802.596251713655	1179.0	-2811.1818578985026	8.585606184847633
1310000	-2805.06686358121	1180.0	-2813.092723960992	8.025860379781774
1311000	-2802.6726838926643	1181.0	-2810.3512296256777	7.6785457330132285
1312000	-2804.467763202099	1182.0	-2811.4625503635466	6.994787161447649
1313000	-2804.1001839550163	1183.0	-2812.9752840039714	8.87510004895515
1314000	-2802.377603280313	1184.0	-2809.817090819586	7.439487539272946
1315000	-2801.768621856552	1185.0	-2810.27793111347	8.509309256918105
1316000	-2804.337207875854	1186.0	-2811.597999494826	7.260791618972034
1317000	-2801.4872394940235	1187.0	-2809.4762018677934	7.988962373770128
1318000	-2804.2127084824233	1188.0	-2811.2152018349398	7.002493352516483
1319000	-2800.922430883058	1188.0	-2809.21328872492	8.29085784186184
1320000	-2802.154658820196	1189.0	-2810.0349210391632	7.880262218967203
1321000	-2801.514752557637	1190.0	-2809.5842563160777	8.06950375844059
1322000	-2806.947355160827	1191.0	-2810.7227916639954	3.7754365031681676
1323000	-2802.830940811928	1192.0	-2810.769501438228	7.938560626300127
1324000	-2800.4554153418735	1193.0	-2808.5876369771386	8.132221635265239
1325000	-2801.8405102307584	1194.0	-2809.7735713114935	7.933061080735323
1326000	-2801.2929193265772	1195.0	-2809.744230513206	8.451311186628539
1327000	-2801.614032205583	1196.0	-2809.2243906275557	7.610358421972761
1328000	-2801.8232504232105	1197.0	-2810.0612870803557	8.238036657144939
1329000	-2806.134319053081	1197.0	-2814.689803109606	8.55548405652528
1330000	-2803.949856674494	1198.0	-2810.142699490454	6.192842815959962
1331000	-2800.0923250847673	1199.0	-2808.5720317701976	8.479706685430118
1332000	-2801.820447133717	1200.0	-2809.694526244035	7.874079110317959
1333000	-2802.3806359419395	1201.0	-2809.8659070026383	7.485271060698852
1334000	-2802.713217972088	1202.0	-2810.5783168461744	7.865098874086268
1335000	-2804.580162031511	1203.0	-2812.52279382583	7.942631794318779
1336000	-2803.0389889500007	1204.0	-2810.871099927404	7.83211097740352
1337000	-2802.5513030860857	1205.0	-2810.233218107233	7.681915021147202
1338000	-2801.9333328482994	1206.0	-2809.795716665197	7.862383816897308
1339000	-2804.140640893746	1206.0	-2811.830702847661	7.690061953914939
1340000	-2804.6096824362207	1207.0	-2811.6931496052653	7.0834671690443445
1341000	-2802.7827797085097	1208.0	-2810.8050983741305	8.022318665620856
1342000	-2801.6175015446047	1209.0	-2809.706354542626	8.088852998020961
1343000	-2803.261512711458	1210.0	-2810.635477476623	7.373964765164387
1344000	-2803.0532046783665	1211.0	-2810.8941257022852	7.840921023918673
1345000	-2803.8552621916215	1212.0	-2811.0509164544187	7.1956542627973885
1346000	-2800.7899563248875	1213.0	-2808.8740610219966	8.084104697109224
1347000	-2808.1306123431928	1214.0	-2817.029874626911	8.899262283718091
1348000	-2801.9629277191575	1215.0	-2810.0910370732513	8.128109354093962
1349000	-2803.1207650875053	1215.0	-2811.209689267619	8.08892418011369
1350000	-2805.4537171635966	1216.0	-2813.249366262423	7.795649098826369
1351000	-2801.0565667883625	1217.0	-2809.1347079914094	8.078141203047052
1352000	-2806.5269286815133	1218.0	-2814.2041219895277	7.677193308014589
1353000	-2805.1991301404005	1219.0	-2812.7995971868	7.600467046399522
1354000	-2801.9092531720335	1220.0	-2809.907462004339	7.998208832305241
1355000	-2800.709520446072	1221.0	-2808.8164875792722	8.106967133200332
1356000	-2805.2857051032825	1222.0	-2811.3457625476476	6.0600574443651904
1357000	-2801.6523811124307	1223.0	-2810.461002669023	8.80862155659204
1358000	-2805.9429189595003	1224.0	-2813.7531508270345	7.810231867534261
1359000	-2805.560971325631	1224.0	-2813.2006904759696	7.639719150338614
1360000	-2802.724450412774	1225.0	-2810.6447569833354	7.920306570561403
1361000	-2802.149704998516	1226.0	-2810.52194848867	8.372243490154105
1362000	-2802.2377562577876	1227.0	-2810.7922507314447	8.554494473656982
1363000	-2801.8327914180554	1228.0	-2809.6738963137695	7.84110489571391
1364000	-2802.8515533668733	1229.0	-2810.065268301454	7.213714934580612
1365000	-2802.244482774841	1230.0	-2810.9400835292668	8.695600754425861
1366000	-2803.898651917048	1231.0	-2810.5892857011477	6.690633784099589
1367000	-2800.793475631794	1232.0	-2808.458773807612	7.665298175817951
1368000	-2800.6695945915317	1233.0	-2809.1289890483176	8.459394456786184
1369000	-2802.4668344024403	1233.0	-2810.3432765324596	7.876442130019353
1370000	-2802.9369948867684	1234.0	-2811.2106591525894	8.273664265821242
1371000	-2800.3282578205203	1235.0	-2808.5348115482684	8.206553727748148
1372000	-2806.1972284729777	1236.0	-2813.655443221244	7.458214748265915
1373000	-2801.9204178514256	1237.0	-2810.451666690433	8.531248839007326
1374000	-2801.201941338319	1238.0	-2808.8249493454455	7.623008007126197
1375000	-2803.9818493299	1239.0	-2811.2082499307876	7.226400600887502
1376000	-2801.5757874892943	1240.0	-2810.1169048743695	8.541117385075271
1377000	-2802.1070965174345	1241.0	-2810.7080058962565	8.60090937882188
1378000	-2802.598032832348	1242.0	-2811.1064156803704	8.508382848022306
1379000	-2805.111280773304	1242.0	-2813.879952496566	8.76867172326235
1380000	-2801.0078533915485	1243.0	-2809.516044755791	8.508191364242704
1381000	-2805.40558068585	1244.0	-2813.835840262217	8.430259576367188
1382000	-2802.1202123176245	1245.0	-2810.499944074508	8.379731756883835
1383000	-2800.9667240156555	1246.0	-2808.825360453563	7.858636437907601
1384000	-2801.9090738503783	1247.0	-2809.548400261193	7.639326410814688
1385000	-2801.3253550543786	1248.0	-2808.8263928139318	7.5010377595533475
1386000	-2805.119730699451	1249.0	-2813.26188170711	8.142151007659482
1387000	-2803.621292117517	1250.0	-2811.0908027034066	7.469510585889452
1388000	-2801.7133339003058	1251.0	-2810.0691661139344	8.355832213628734
1389000	-2805.304716418534	1251.0	-2813.354023942713	8.049307524179007
1390000	-2802.710537915553	1252.0	-2811.352799426647	8.642261511093945
1391000	-2801.9753221936717	1253.0	-2810.8118703859827	8.836548192311064
1392000	-2808.0105103202327	1254.0	-2810.376754435825	2.3662441155926226
1393000	-2804.087841688996	1255.0	-2811.2245673744737	7.136725685477908
1394000	-2801.8739122958427	1256.0	-2809.168963587269	7.295051291426298
1395000	-2805.4461716961055	1257.0	-2811.099437015554	5.653265319448391
1396000	-2803.4769696014773	1258.0	-2811.1220630480216	7.645093446544244
1397000	-2804.386216659821	1259.0	-2812.5397503579384	8.15353369811747
1398000	-2801.128488850724	1260.0	-2809.1324730321217	8.003984181397641
1399000	-2800.4679318763974	1260.0	-2808.9200208287725	8.452088952375039
1400000	-2800.7785131233636	1261.0	-2808.980918495282	8.202405371918438
1401000	-2801.7311645837435	1262.0	-2810.002901681923	8.271737098179598
1402000	-2806.588621435355	1263.0	-2814.082636329404	7.494014894048918
1403000	-2803.8280592881083	1264.0	-2812.2711562091345	8.443096921026305
1404000	-2803.433919850284	1265.0	-2812.083160206359	8.649240356075023
1405000	-2800.7967365151103	1266.0	-2809.243582173966	8.44684565885582
1406000	-2802.6261763836865	1267.0	-2810.4391987571926	7.813022373506134
1407000	-2800.489428639285	1268.0	-2808.8914355636584	8.402006924373204
1408000	-2802.248533822452	1269.0	-2810.3036387634697	8.055104941017653
1409000	-2804.5997306203285	1269.0	-2812.8240706340684	8.224340013739994
1410000	-2802.101235826666	1270.0	-2810.499612566894	8.398376740228043
1411000	-2802.3744714500976	1271.0	-2809.499044795223	7.1245733451256115
1412000	-2802.232735810305	1272.0	-2809.5612965803484	7.32856077004383
1413000	-2806.188362891993	1273.0	-2810.36173470347	4.1733718114767555
1414000	-2804.8536796798267	1274.0	-2812.4958561214753	7.642176441648759
1415000	-2800.608160084121	1275.0	-2808.6722692165217	8.064109132400572
1416000	-2806.3151312138784	1276.0	-2813.2130961415232	6.8979649276447175
1417000	-2801.14184090111	1277.0	-2809.549468510919	8.40762760980897
1418000	-2802.3082639754284	1278.0	-2810.608795833576	8.30053185814785
1419000	-2802.9444134203895	1278.0	-2811.768922399636	8.824508979246048
1420000	-2804.5005568603938	1279.0	-2809.369877995012	4.869321134618064
1421000	-2804.5016725638916	1280.0	-2811.188210973047	6.686538409155051
1422000	-2805.0750248673653	1281.0	-2813.2700856865713	8.195060819206173
1423000	-2801.5460363606467	1282.0	-2809.677249536562	8.13121317591543
1424000	-2803.9909635620397	1283.0	-2810.67089219865	6.679928636610527
1425000	-2801.0327698909805	1284.0	-2809.6085748860487	8.575804995068033
1426000	-2800.5505708960973	1285.0	-2808.862649663903	8.31207876780592
1427000	-2800.9716509554214	1286.0	-2809.004726677483	8.033075722061966
1428000	-2800.5944560630055	1287.0	-2808.948259839161	8.353803776155477
1429000	-2801.714948775837	1287.0	-2810.0988446677816	8.383895891944489
1430000	-2800.8688798391613	1288.0	-2808.8906213047712	8.021741465610116
1431000	-2804.5082866113876	1289.0	-2812.7198672365944	8.211580625206723
1432000	-2800.428011838614	1290.0	-2808.8920281049295	8.46401626631519
1433000	-2802.488037086115	1291.0	-2811.1928338378966	8.70479675178137
1434000	-2802.7747184720215	1292.0	-2809.8909779870137	7.116259514992267
1435000	-2802.4177720171456	1293.0	-2810.477358337244	8.059586320098234
1436000	-2802.949785137321	1294.0	-2811.638129581792	8.688344444470694
1437000	-2800.8548854252	1295.0	-2809.4482240732837	8.593338648083813
1438000	-2804.7327814315477	1296.0	-2812.820403302561	8.087621871013306
1439000	-2803.131262856686	1296.0	-2810.5730141968716	7.441751340185645
1440000	-2800.739249902131	1297.0	-2809.142895058167	8.40364515603574
1441000	-2802.3007701251195	1298.0	-2810.433919848813	8.133149723693496
1442000	-2802.9840144012765	1299.0	-2810.598393505301	7.614379104024436
1443000	-2800.2869368696543	1300.0	-2808.624431028828	8.337494159173945
1444000	-2804.3267705172548	1301.0	-2812.9752763563893	8.64850583913434
1445000	-2802.5965836812707	1302.0	-2810.804741822436	8.208158141165356
1446000	-2802.0369976005395	1303.0	-2809.7910596173506	7.754062016811191
1447000	-2803.029545716402	1304.0	-2811.4911280137762	8.461582297374157
1448000	-2801.9748014784336	1305.0	-2809.4051652593157	7.430363780882106
1449000	-2803.9226295154967	1305.0	-2811.6288944138546	7.7062648983579365
1450000	-2801.8161822181687	1306.0	-2809.7642723039726	7.948090085803771
1451000	-2803.7331265956946	1307.0	-2811.9778000853103	8.244673489615575
1452000	-2801.383757051211	1308.0	-2808.9797390476983	7.595981996487567
1453000	-2802.297162943056	1309.0	-2810.759092431984	8.461929488928236
1454000	-2804.388708736371	1310.0	-2811.8825596511597	7.493850914788553
1455000	-2807.7026371464904	1311.0	-2815.5384799083786	7.835842761888232
1456000	-2801.7390337744237	1312.0	-2809.2989835190174	7.559949744593514
1457000	-2805.2677447281835	1313.0	-2813.4005623254907	8.132817597307334
1458000	-2801.40482078042	1314.0	-2809.249977462712	7.845156682292423
1459000	-2802.8054999772417	1314.0	-2811.443058431719	8.637558454477253
1460000	-2801.6701410034566	1315.0	-2809.2607508176993	7.590609814242695
1461000	-2801.6002268844995	1316.0	-2810.390678309689	8.790451425189664
1462000	-2807.807470097622	1317.0	-2816.218797724529	8.41132762690658
1463000	-2806.3647507389983	1318.0	-2814.8985632638323	8.53381252483413
1464000	-2803.5666049001165	1319.0	-2811.8608518700958	8.294246969979278
1465000	-2802.5270719	1320.0	-2809.831539471732	7.304467571732056
1466000	-2803.5253720952064	1321.0	-2811.9193253169638	8.39395322175722
1467000	-2806.8061644449995	1322.0	-2814.685315174669	7.879150729669677
1468000	-2803.0011010365715	1323.0	-2811.1934935005024	8.192392463931117
1469000	-2803.371535234528	1323.0	-2809.1133605676705	5.741825333142394
1470000	-2805.2247724456265	1324.0	-2813.1355958692684	7.9108234236421096
1471000	-2806.963892038842	1325.0	-2815.450571648411	8.486679609569036
1472000	-2800.5172769874853	1326.0	-2808.652694294629	8.135417307143431
1473000	-2802.261199125185	1327.0	-2810.694083760429	8.432884635243639
1474000	-2802.1066332935075	1328.0	-2810.002890971711	7.896257678203578
1475000	-2803.7086724683973	1329.0	-2811.6693943927276	7.960721924330429
1476000	-2802.070830248002	1330.0	-2810.2768059360246	8.205975688022425
1477000	-2805.416167265534	1331.0	-2812.7751510816624	7.358983816128128
1478000	-2802.946972077508	1332.0	-2809.4165769121364	6.46960483462876
1479000	-2805.6509878605134	1332.0	-2813.276364076653	7.625376216139578
1480000	-2802.894571084239	1333.0	-2811.038419765308	8.143848681068794
1481000	-2802.098289312921	1334.0	-2810.1562292658787	8.057939952957394
1482000	-2801.1067289488888	1335.0	-2809.268138900596	8.161409951707231
1483000	-2800.6051389685917	1336.0	-2809.002263125099	8.397124156507235
1484000	-2803.3442028743275	1337.0	-2811.0026498808006	7.658447006472903
1485000	-2801.7326513747485	1338.0	-2810.3249449849636	8.592293610215034
1486000	-2801.9687459083602	1339.0	-2810.5415895149567	8.57284360659644
1487000	-2802.6877221814393	1340.0	-2810.4232897361944	7.735567554755054
1488000	-2802.6537139784614	1341.0	-2811.0222530026467	8.36853902418526
1489000	-2805.353620756017	1341.0	-2812.6757689578635	7.3221482018465345
1490000	-2801.4008835983636	1342.0	-2808.7359209680626	7.335037369698883
1491000	-2805.6798262283587	1343.0	-2813.7452707373845	8.065444509025838
1492000	-2803.485455038185	1344.0	-2810.402444448544	6.9169894103586165
1493000	-2801.280216616041	1345.0	-2809.8221876067896	8.541970990748766
1494000	-2803.2255580530546	1346.0	-2810.192854921	6.967296867945529
1495000	-2802.3231439027218	1347.0	-2809.41056223546	7.087418332738301
1496000	-2801.8007817139974	1348.0	-2810.095741037526	8.294959323528577
1497000	-2800.7164806324004	1349.0	-2808.8309290752873	8.114448442886843
1498000	-2801.480134938835	1350.0	-2809.7468870239236	8.26675208508853
1499000	-2801.2326436298035	1350.0	-2809.1555230389454	7.922879409141689
1500000	-2804.1162080907734	1351.0	-2810.8929019556326	6.776693864859014
1501000	-2801.491357446652	1352.0	-2809.3954945672367	7.904137120584869
1502000	-2801.389075436454	1353.0	-2809.8936476151384	8.504572178684612
1503000	-2802.3868928987586	1354.0	-2811.064089348184	8.677196449425363
1504000	-2802.5466364015297	1355.0	-2809.5473811380907	7.000744736561106
1505000	-2802.09644141601	1356.0	-2809.4539335698278	7.35749215381815
1506000	-2804.2585679617832	1357.0	-2811.8628701774123	7.604302215629024
1507000	-2803.3904042485324	1358.0	-2812.4438362623387	9.053432013806159
1508000	-2801.9711662543086	1359.0	-2810.2100737393266	8.238907485018217
1509000	-2811.293297680457	1359.0	-2819.1521734551116	7.858875774654786
1510000	-2802.643007763561	1360.0	-2810.41232873456	7.769320970999278
1511000	-2802.2184968762626	1361.0	-2810.1569498834924	7.938453007229698
1512000	-2800.894955082577	1362.0	-2809.1480535281335	8.253098445556432
1513000	-2802.5146571585487	1363.0	-2809.739083585783	7.224426427234385
1514000	-2803.9797369275466	1364.0	-2812.1269324586196	8.14719553107323
1515000	-2804.6911760520793	1365.0	-2813.1668864276608	8.475710375581297
1516000	-2801.7636335061143	1366.0	-2809.879026409983	8.115392903868749
1517000	-2801.8891338442468	1367.0	-2809.641483989377	7.752350145130159
1518000	-2802.5744947324065	1368.0	-2810.8539801677507	8.279485435344162
1519000	-2803.0142917909448	1368.0	-2811.1625328525542	8.14824106160939
1520000	-2801.232800056885	1369.0	-2809.9355360183363	8.702735961451255
1521000	-2800.954099753131	1370.0	-2809.3002437117625	8.346143958631503
1522000	-2804.317516055525	1371.0	-2812.877012067933	8.559496012407802
1523000	-2802.081225480739	1372.0	-2810.1589052858026	8.077679805063612
1524000	-2801.1778400534567	1373.0	-2809.1204807197355	7.942640666278955
1525000	-2801.543412238761	1374.0	-2809.6723238899185	8.128911651157637
1526000	-2801.4198279259635	1375.0	-2809.4282467328203	8.008418806856778
1527000	-2803.321204319911	1376.0	-2811.0098045444283	7.688600224517265
1528000	-2800.6047777065487	1377.0	-2808.8788249838394	8.27404727729056
1529000	-2804.048773197869	1377.0	-2810.471107129981	6.422333932112202
1530000	-2801.787729931435	1378.0	-2809.6478551439222	7.860125212487403
1531000	-2801.6111878681313	1379.0	-2809.675814228006	8.064626359874495
1532000	-2801.66866813906	1380.0	-2809.868015032813	8.199346893753
1533000	-2804.5237604183653	1381.0	-2812.3032444931105	7.779484074745057
1534000	-2801.4732291662144	1382.0	-2809.741540948401	8.268311782186494
1535000	-2802.127531814893	1383.0	-2810.11124824054	7.983716425647203
1536000	-2801.9400680506637	1384.0	-2809.5261977260166	7.586129675352609
1537000	-2801.7997353172955	1385.0	-2809.8826100275255	8.082874710229921
1538000	-2804.9287288040423	1386.0	-2812.3416452285246	7.412916424482237
1539000	-2800.6669935340315	1386.0	-2808.943427672422	8.276434138390641
1540000	-2805.163207103988	1387.0	-2811.7839976796736	6.62079057568558
1541000	-2803.5970966639575	1388.0	-2811.497584228533	7.900487564575663
1542000	-2801.9479448648167	1389.0	-2810.307801256326	8.359856391509537
1543000	-2804.791059237817	1390.0	-2812.490344463273	7.699285225455781
1544000	-2805.270104392455	1391.0	-2813.0701632983314	7.800058905876414
1545000	-2802.7379428333597	1392.0	-2809.8970704642093	7.159127630849637
1546000	-2801.041293513744	1393.0	-2808.9145360331427	7.873242519398276
1547000	-2802.399051726887	1394.0	-2811.114993040217	8.715941313329846
1548000	-2804.9697725214382	1395.0	-2810.8107203992586	5.840947877820149
1549000	-2801.734719427854	1395.0	-2809.7504840836664	8.015764655812227
1550000	-2804.1614830690783	1396.0	-2810.3425854650427	6.181102395964461
1551000	-2802.335315363251	1397.0	-2811.05799467265	8.722679309398847
1552000	-2800.8508808073198	1398.0	-2809.3396619706336	8.488781163313979
1553000	-2805.6536250139793	1399.0	-2814.2845231680544	8.630898154074906
1554000	-2803.999215292105	1400.0	-2812.48628562732	8.48707033521504
1555000	-2804.512832304785	1401.0	-2812.5620797749607	8.049247470175573
1556000	-2802.3591388376967	1402.0	-2809.754226851678	7.395088013981347
1557000	-2802.9831432986416	1403.0	-2811.1367212107684	8.153577912126691
1558000	-2804.208553657731	1404.0	-2812.6656210701585	8.457067412427538
1559000	-2801.431000129264	1404.0	-2809.629754717979	8.19875458871493
1560000	-2801.97819536783	1405.0	-2809.6543864936357	7.6761911258060636
1561000	-2802.4211028532814	1406.0	-2809.499631107434	7.078528254152782
1562000	-2801.6655482510287	1407.0	-2809.448124573605	7.782576322576356
1563000	-2802.3995171359047	1408.0	-2810.377046334064	7.977529198159051
1564000	-2801.6208596661677	1409.0	-2810.4300205083923	8.809160842224658
1565000	-2804.7952793652794	1410.0	-2812.866254111843	8.070974746563486
1566000	-2801.836335188126	1411.0	-2808.799966173893	6.963630985766795
1567000	-2801.953165188829	1412.0	-2810.013142231858	8.059977043029201
1568000	-2801.526625211607	1413.0	-2809.086564399917	7.559939188309505
1569000	-2804.9002020753746	1413.0	-2812.5502774972	7.650075421825691
1570000	-2807.462089826043	1414.0	-2813.822258949732	6.360169123688754
1571000	-2800.846161000822	1415.0	-2809.0163511564424	8.170190155620114
1572000	-2804.5483077394533	1416.0	-2813.5085840628676	8.960276323414302
1573000	-2801.549693239044	1417.0	-2810.089188779074	8.539495540030309
1574000	-2801.317328425332	1418.0	-2808.740177466503	7.422849041170924
1575000	-2807.282196672922	1419.0	-2814.521196118951	7.238999446029237
1576000	-2804.2038075510527	1420.0	-2811.7624938736935	7.5586863226409156
1577000	-2800.5652378862487	1421.0	-2808.718122064641	8.152884178392338
1578000	-2803.5888551605904	1422.0	-2811.753766259905	8.164911099315045
1579000	-2802.1403682132523	1422.0	-2808.769115680045	6.628747466792796
1580000	-2801.911518235997	1423.0	-2810.2588495948066	8.347331358809805
1581000	-2803.6827165147215	1424.0	-2812.6075117433106	8.924795228589229
1582000	-2802.5650083596024	1425.0	-2810.2618830127453	7.696874653142751
1583000	-2805.89005885189	1426.0	-2812.4662986415306	6.576239789640635
1584000	-2802.7423431534826	1427.0	-2810.3344418801885	7.592098726705803
1585000	-2807.0136052375838	1428.0	-2815.174290346314	8.16068510873017
1586000	-2802.602842756761	1429.0	-2810.0035393653625	7.400696608601143
1587000	-2804.2739765477404	1430.0	-2812.6632198498705	8.389243302130303
1588000	-2801.207358371475	1431.0	-2809.375227263976	8.167868892500637
1589000	-2805.1547083766786	1431.0	-2812.9498137285186	7.795105351840117
1590000	-2802.1917577709432	1432.0	-2810.573655899844	8.381898128900993
1591000	-2804.510703956429	1433.0	-2812.592837484154	8.082133527724906
1592000	-2803.7269363609944	1434.0	-2811.5306291277607	7.803692766766086
1593000	-2802.712244789364	1435.0	-2810.489242114269	7.776997324905314
1594000	-2801.5529900697697	1436.0	-2808.9548931547697	7.401903085000077
1595000	-2803.5282500405606	1437.0	-2811.9499348521	8.421684811539402
1596000	-2800.7704150879235	1438.0	-2809.107440739101	8.337025651177386
1597000	-2801.7136423305365	1439.0	-2809.6141190518	7.900476721263873
1598000	-2807.031014991986	1440.0	-2814.4838397981844	7.452824806198571
1599000	-2801.4497111645383	1440.0	-2809.568266206011	8.11855504147242
1600000	-2804.494803569266	1441.0	-2813.138968686682	8.644165117416083
1601000	-2804.5761561924915	1442.0	-2812.515689386099	7.939533193607327
1602000	-2801.349348594903	1443.0	-2809.4709239952276	8.121575400324677
1603000	-2800.8874894781634	1444.0	-2809.2189983479834	8.331508869820219
1604000	-2804.3415932717735	1445.0	-2812.7963752081887	8.45478193641501
1605000	-2801.9082306317314	1446.0	-2809.902603276546	7.994372644814435
1606000	-2802.0609230489067	1447.0	-2809.3694269451757	7.308503896269216
1607000	-2802.3827694795696	1448.0	-2809.5580759941727	7.175306514602917
1608000	-2801.659823426393	1449.0	-2809.4464550876482	7.786631661255216
1609000	-2801.766782443856	1449.0	-2809.8129907065113	8.046208262655492
1610000	-2802.0356693882945	1450.0	-2810.5940075477793	8.558338159484721
1611000	-2801.971656063474	1451.0	-2810.1773538312545	8.205697767780645
1612000	-2803.4823747768137	1452.0	-2811.248507054828	7.766132278014644
1613000	-2805.153357654764	1453.0	-2812.8513022598718	7.6979446051075575
1614000	-2803.611642560452	1454.0	-2812.125365830628	8.513723270176285
1615000	-2804.26428766309	1455.0	-2811.4409785379044	7.176690874814402
1616000	-2801.8444813016235	1456.0	-2809.8963878027057	8.051906501082275
1617000	-2801.1773264284907	1457.0	-2809.2975827252067	8.12025629671615
1618000	-2801.8406873804656	1458.0	-2809.0090761630127	7.168388782547012
1619000	-2801.260475477752	1458.0	-2809.508720679007	8.248245201254864
1620000	-2803.7109859656157	1459.0	-2811.8666865222003	8.155700556584819
1621000	-2804.9464210463934	1460.0	-2813.3986971087343	8.452276062340623
1622000	-2803.1038691095137	1461.0	-2811.4618526868085	8.357983577294934
1623000	-2801.2999781794024	1462.0	-2810.0279068944737	8.727928715071222
1624000	-2806.304079200086	1463.0	-2814.8982387111832	8.594159511097057
1625000	-2800.499387582211	1464.0	-2808.8890726196923	8.389685037481087
1626000	-2801.119638731074	1465.0	-2809.428682896528	8.309044165454202
1627000	-2805.3876138672017	1466.0	-2813.3536463673836	7.966032500182036
1628000	-2801.300649183559	1467.0	-2809.5751503855518	8.274501201992575
1629000	-2804.7320243266267	1467.0	-2812.2429566013698	7.510932274743131
1630000	-2800.5021284252034	1468.0	-2809.0802564599894	8.578128034786229
1631000	-2802.987997326027	1469.0	-2810.5594798412253	7.571482515197927
1632000	-2803.9497108783517	1470.0	-2811.709265153648	7.759554275296421
1633000	-2805.632912758354	1471.0	-2813.294073475285	7.6611607169312155
1634000	-2801.9835877941573	1472.0	-2810.3964511275562	8.412863333398938
1635000	-2806.64740575528	1473.0	-2815.044733677041	8.397327921761065
1636000	-2804.328027226249	1474.0	-2812.8471361027046	8.519108876455295
1637000	-2809.1634946483837	1475.0	-2815.1225524839506	5.959057835566813
1638000	-2803.6588815784717	1476.0	-2811.6920986154028	8.033217036931058
1639000	-2802.466990865052	1476.0	-2811.142148193568	8.675157328515958
1640000	-2801.5315273506917	1477.0	-2810.2620184560556	8.730491105363633
1641000	-2803.4264296872116	1478.0	-2811.910263313498	8.483833626286339
1642000	-2800.7212609182084	1479.0	-2809.2416613856653	8.520400467457156
1643000	-2805.195034999335	1480.0	-2812.9276024723927	7.7325674730577925
1644000	-2803.3615441573756	1481.0	-2811.2609011239697	7.899356966593994
1645000	-2801.386417665971	1482.0	-2809.6088079756128	8.22239030964182
1646000	-2801.9446014638784	1483.0	-2810.442578578241	8.497977114362495
1647000	-2801.3784384341766	1484.0	-2809.7484298684008	8.369991434224218
1648000	-2803.0100781327887	1485.0	-2811.845916028137	8.83583789534827
1649000	-2803.8641084288683	1485.0	-2811.539815499362	7.675707070493596
1650000	-2804.065894633264	1486.0	-2809.8788393722944	5.81294473903024
1651000	-2805.127194580174	1487.0	-2813.251387148684	8.124192568509931
1652000	-2805.204041063359	1488.0	-2810.135743242905	4.931702179545728
1653000	-2800.8539158957515	1489.0	-2808.955612051371	8.101696155619578
1654000	-2802.470984292281	1490.0	-2809.3282547162457	6.857270423964534
1655000	-2803.3360498077104	1491.0	-2810.734007202845	7.397957395134727
1656000	-2801.210206455053	1492.0	-2809.1467068567	7.936500401646878
1657000	-2803.865652371322	1493.0	-2811.47781302424	7.612160652917518
1658000	-2807.388174409008	1494.0	-2813.214941340538	5.826766931529935
1659000	-2802.177377285619	1494.0	-2810.544185313291	8.36680802767206
1660000	-2803.1079903461628	1495.0	-2810.273857331722	7.165866985559241
1661000	-2801.6426788734493	1496.0	-2809.3444048961846	7.701726022735276
1662000	-2805.256600192112	1497.0	-2811.7804777838564	6.523877591744686
1663000	-2801.4484862498966	1498.0	-2809.792269852653	8.343783602756647
1664000	-2800.1857952094924	1499.0	-2808.6061176642756	8.42032245478308
1665000	-2801.814806984338	1500.0	-2810.016024282468	8.201217298130542
1666000	-2803.5250391012223	1501.0	-2811.8787936546105	8.353754553388242
1667000	-2802.4850232398417	1502.0	-2810.3304293824717	7.845406142630022
1668000	-2803.4901411822407	1503.0	-2809.5140639673305	6.023922785089628
1669000	-2801.8464961593872	1503.0	-2809.8675448519507	8.021048692563323
1670000	-2802.7090526044635	1504.0	-2810.7563587205	8.04730611603635
1671000	-2803.109598897417	1505.0	-2812.058318811612	8.948719914194776
1672000	-2803.12672511557	1506.0	-2810.8963891586345	7.769664043064358
1673000	-2801.8629895336653	1507.0	-2810.112994089597	8.250004555931882
1674000	-2803.3277895649535	1508.0	-2810.357221392119	7.0294318271654985
1675000	-2802.242284137113	1509.0	-2810.3251906718265	8.082906534713521
1676000	-2802.78400151196	1510.0	-2810.0446787628007	7.260677250840592
1677000	-2804.7972106923107	1511.0	-2812.698211038655	7.901000346343869
1678000	-2801.448365390989	1512.0	-2809.0951156694077	7.646750278419164
1679000	-2805.402149001426	1512.0	-2813.0777231639977	7.67557416257163
1680000	-2802.382182797953	1513.0	-2811.1235849669174	8.741402168964417
1681000	-2802.384893317469	1514.0	-2810.5639141209704	8.179020803501194
1682000	-2802.8419151727567	1515.0	-2810.2415926128197	7.399677440063153
1683000	-2802.0542154277114	1516.0	-2809.9691562990865	7.914940871375141
1684000	-2802.166061650337	1517.0	-2809.4011794065273	7.235117756190307
1685000	-2806.625957554781	1518.0	-2814.02342738422	7.397469829439318
1686000	-2804.868031614466	1519.0	-2812.1844839521414	7.3164523376755515
1687000	-2802.9915221922793	1520.0	-2810.8629899544712	7.8714677621919344
1688000	-2801.9034114205638	1521.0	-2809.777919053762	7.874507633198537
1689000	-2802.3994962399934	1521.0	-2809.7222826262605	7.322786386267186
1690000	-2802.409543924713	1522.0	-2811.2455788227935	8.83603489808053
1691000	-2800.935925875547	1523.0	-2809.3203608251883	8.384434949641076
1692000	-2801.9542224279767	1524.0	-2809.218778836863	7.264556408886023
1693000	-2802.3552736346132	1525.0	-2810.216923350427	7.861649715813714
1694000	-2800.3384494055063	1526.0	-2808.5618022059803	8.223352800473965
1695000	-2801.9563032498486	1527.0	-2809.4893018311404	7.53299858129169
1696000	-2801.702649638544	1528.0	-2810.2185992623886	8.515949623844882
1697000	-2801.522598402037	1529.0	-2809.838139429279	8.31554102724199
1698000	-2800.781692418952	1530.0	-2808.6259380645733	7.8442456456212435
1699000	-2800.702537000966	1530.0	-2808.693059641735	7.9905226407690995
1700000	-2801.378701085318	1531.0	-2809.5193878733608	8.140686788042757
1701000	-2801.5218199701753	1532.0	-2809.493307652141	7.971487681965778
1702000	-2804.3399350686095	1533.0	-2808.8470822261506	4.507147157541038
1703000	-2803.4785249325705	1534.0	-2811.526570192155	8.048045259584487
1704000	-2800.856378512116	1535.0	-2809.464074668537	8.607696156420708
1705000	-2801.327176427773	1536.0	-2809.131024880743	7.803848452970378
1706000	-2800.3125987001063	1537.0	-2808.5819622481667	8.269363548060404
1707000	-2804.4200436735796	1538.0	-2812.3461347210127	7.9260910474330135
1708000	-2800.6060262429505	1539.0	-2809.144418097157	8.538391854206395
1709000	-2802.2875026585007	1539.0	-2810.218619875231	7.931117216730394
1710000	-2801.4688887838433	1540.0	-2809.5769315687858	8.10804278494241
1711000	-2801.8165539917286	1541.0	-2809.6139294684426	7.797375476713887
1712000	-2801.749356540942	1542.0	-2809.495072791381	7.745716250439095
1713000	-2801.617007188036	1543.0	-2810.0185564937647	8.401549305728423
1714000	-2804.034413581524	1544.0	-2812.3316340992287	8.297220517704975
1715000	-2802.896626446474	1545.0	-2809.370365949443	6.473739502969272
1716000	-2803.414246246141	1546.0	-2810.23018397353	6.815937727389265
1717000	-2808.78096929805	1547.0	-2816.071017376821	7.290048078771227
1718000	-2801.8795882422733	1548.0	-2809.905345108871	8.025756866597831
1719000	-2802.401597071817	1548.0	-2810.606383324703	8.204786252886127
1720000	-2802.744579923517	1549.0	-2809.9379823537474	7.193402430230466
1721000	-2804.6181916524692	1550.0	-2812.33973629875	7.721544646280628
1722000	-2800.8420226477733	1551.0	-2808.5125835005215	7.670560852748317
1723000	-2801.385938472611	1552.0	-2809.307527789594	7.921589316983029
1724000	-2800.839654045796	1553.0	-2809.29619149929	8.456537453494235
1725000	-2801.7503421230454	1554.0	-2809.94786257746	8.197520454414844
1726000	-2800.4263521074595	1555.0	-2808.744044505875	8.317692398415534
1727000	-2801.1244743302495	1556.0	-2809.4786982445344	8.354223914284681
1728000	-2801.2185296343914	1557.0	-2809.712890978997	8.494361344605624
1729000	-2801.4858758547443	1557.0	-2810.1320246905807	8.646148835836435
1730000	-2805.117133892316	1558.0	-2811.88192237965	6.764788487334032
1731000	-2801.193751972913	1559.0	-2809.3550253129483	8.161273340035194
1732000	-2806.129087313411	1560.0	-2813.755505601439	7.626418288027601
1733000	-2801.5906440615654	1561.0	-2809.211932037343	7.6212879757778795
1734000	-2804.0704234359814	1562.0	-2810.6055333299073	6.535109893925879
1735000	-2802.7624996956633	1563.0	-2810.7941112996646	8.031611604001284
1736000	-2801.1508317192447	1564.0	-2809.570433301186	8.419601581941095
1737000	-2801.5589192616585	1565.0	-2810.1764369592433	8.617517697584958
1738000	-2801.354652970581	1566.0	-2808.9156116149725	7.560958644391521
1739000	-2806.7326540984177	1566.0	-2815.7279748505052	8.995320752087553
1740000	-2803.8834045740587	1567.0	-2812.3724145485216	8.489009974462785
1741000	-2803.331283079651	1568.0	-2810.2779963865414	6.946713306890771
1742000	-2801.0509978225964	1569.0	-2809.3361274580157	8.28512963541945
1743000	-2802.407504251542	1570.0	-2809.4708544807067	7.063350229164605
1744000	-2801.3563339577045	1571.0	-2809.0849951022624	7.728661144557866
1745000	-2803.5208993230385	1572.0	-2811.795670452524	8.274771129485439
1746000	-2801.5025313214355	1573.0	-2808.993732816183	7.491201494747429
1747000	-2804.5924777421155	1574.0	-2809.4181131623	4.825635420184401
1748000	-2803.883558588001	1575.0	-2812.2064865107714	8.322927922770482
1749000	-2802.38928714123	1575.0	-2809.8342817436305	7.444994602400784
1750000	-2801.824130518327	1576.0	-2809.3160058462704	7.491875327943608
1751000	-2803.5679254813917	1577.0	-2810.9773073528454	7.4093818714536495
1752000	-2803.8768350090995	1578.0	-2812.1686304468376	8.291795437738248
1753000	-2802.0468210565823	1579.0	-2810.359300698122	8.312479641539364
1754000	-2802.1071807813787	1580.0	-2809.8759855111375	7.768804729758671
1755000	-2801.4180891478427	1581.0	-2808.699311337311	7.281222189468092
1756000	-2801.6923187042858	1582.0	-2810.014962516345	8.322643812058931
1757000	-2802.2912817250053	1583.0	-2809.8721837262165	7.580902001211215
1758000	-2801.7590300009865	1584.0	-2810.406257745717	8.6472277447305
1759000	-2805.8724596807956	1584.0	-2813.4837878625076	7.611328181711962
1760000	-2803.6121143511955	1585.0	-2810.748227119562	7.136112768366861
1761000	-2801.026731767188	1586.0	-2808.625905615453	7.59917384826544
1762000	-2807.4417588378424	1587.0	-2813.2452283284233	5.803469490581138
1763000	-2803.7786020883987	1588.0	-2811.037097068806	7.258494980407124
1764000	-2801.609440955251	1589.0	-2809.6807359593768	8.071295004125744
1765000	-2807.4777127206244	1590.0	-2815.5304229756866	8.052710255062212
1766000	-2802.6629004546176	1591.0	-2808.8537771879946	6.1908767333772285
1767000	-2800.1371842997373	1592.0	-2808.520132542555	8.382948242817836
1768000	-2801.4271228554	1593.0	-2808.905356345495	7.4782334900952465
1769000	-2801.128667609537	1593.0	-2809.4005728329053	8.271905223368325
1770000	-2802.758724331931	1594.0	-2810.445908099816	7.687183767885004
1771000	-2802.67269944658	1595.0	-2810.3782541101464	7.705554663566667
1772000	-2805.9545205896366	1596.0	-2814.639508965145	8.684988375508668
1773000	-2800.796454506039	1597.0	-2808.552215409646	7.755760903607081
1774000	-2801.2799264460205	1598.0	-2809.2295958861646	7.94966944014409
1775000	-2801.5962296168927	1599.0	-2809.9839531893404	8.387723572447829
1776000	-2804.278593510254	1600.0	-2812.616374512452	8.337781002198106
1777000	-2800.9031126781447	1601.0	-2809.2484158837374	8.345303205592888
1778000	-2807.021711763721	1602.0	-2814.7914008636294	7.7696890999080725
1779000	-2802.353350277199	1602.0	-2810.2524821074508	7.8991318302519025
1780000	-2805.5981167808463	1603.0	-2810.747958275666	5.149841494819521
1781000	-2805.5080110497624	1604.0	-2811.386178920454	5.878167870691199
1782000	-2801.810008016099	1605.0	-2809.943461594398	8.133453578298788
1783000	-2800.808093529474	1606.0	-2809.281075027608	8.472981498134285
1784000	-2801.483258432499	1607.0	-2809.630338279397	8.147079846897995
1785000	-2807.323808590148	1608.0	-2811.0062789110316	3.6824703208834215
1786000	-2800.949831322569	1609.0	-2809.3062792690353	8.356447946466389
1787000	-2802.424759460511	1610.0	-2809.0042295667668	6.579470106256127
1788000	-2802.962643290755	1611.0	-2811.6319652374864	8.669321946731614
1789000	-2800.9055061612653	1611.0	-2809.1549862911797	8.249480129914218
1790000	-2802.1457863931046	1612.0	-2810.485736021624	8.339949628519054
1791000	-2803.5169813126686	1613.0	-2810.83472370057	7.317742387901449
1792000	-2802.7200576448895	1614.0	-2810.699143167504	7.979085522614755
1793000	-2801.3232462918313	1615.0	-2809.3011024193574	7.977856127526161
1794000	-2802.573408121463	1616.0	-2809.5882680600266	7.014859938563208
1795000	-2805.5542271975346	1617.0	-2808.8086776269893	3.2544504294548116
1796000	-2801.9059185836604	1618.0	-2810.3778858329283	8.471967249268037
1797000	-2802.247181563402	1619.0	-2809.8910963311337	7.6439147677314425
1798000	-2805.3872714460067	1620.0	-2813.346058230226	7.958786784219224
1799000	-2801.125858036534	1620.0	-2809.8313647845744	8.705506748040396
1800000	-2803.759784918782	1621.0	-2811.143553128447	7.383768209664908
1801000	-2801.1756744874974	1622.0	-2809.7087169625884	8.533042475090781
1802000	-2801.198903979639	1623.0	-2809.4086790041915	8.209775024552554
1803000	-2804.76543476739	1624.0	-2811.615755710045	6.850320942654794
1804000	-2801.840775695191	1625.0	-2810.2290405951903	8.388264899999307
1805000	-2807.0481428645503	1626.0	-2815.013292881359	7.9651500168086296
1806000	-2800.7764704911856	1627.0	-2808.8109207240914	8.03445023290589
1807000	-2802.189533146178	1628.0	-2810.089637262418	7.900104116239968
1808000	-2802.59894138376	1629.0	-2811.006334117432	8.407392733671653
1809000	-2801.053958181809	1629.0	-2809.3871142625912	8.333156080782228
1810000	-2807.7743475728203	1630.0	-2815.4856975758526	7.711350003032212
1811000	-2801.5011629322867	1631.0	-2809.1108209828894	7.609658050602851
1812000	-2802.4385583650164	1632.0	-2810.988354173306	8.549795808289552
1813000	-2800.721699549683	1633.0	-2808.58208850213	7.860388952446967
1814000	-2804.2521183164436	1634.0	-2812.0101777454774	7.758059429034
1815000	-2805.5435729402575	1635.0	-2812.9853912735657	7.4418183333080865
1816000	-2801.849983692753	1636.0	-2810.251633172074	8.401649479321112
1817000	-2802.5383463351523	1637.0	-2811.0962923426537	8.55794600750148
1818000	-2801.9437889990795	1638.0	-2809.9764668779108	8.032677878831084
1819000	-2809.0129197332994	1638.0	-2817.4175547199093	8.404634986609985
1820000	-2802.9847042469796	1639.0	-2811.4416314380355	8.456927191055936
1821000	-2801.570536655216	1640.0	-2809.6259956589893	8.055459003773027
1822000	-2801.6590501891314	1641.0	-2810.1722953358285	8.513245146697084
1823000	-2808.893399011148	1642.0	-2816.7987050438724	7.905306032724358
1824000	-2802.365705725598	1643.0	-2810.8055557343564	8.439850008758093
1825000	-2803.52624179701	1644.0	-2810.480932714622	6.95469091761224
1826000	-2803.555155538391	1645.0	-2808.5529791007843	4.997823562393604
1827000	-2802.325428092532	1646.0	-2810.7508753255624	8.425447233030539
1828000	-2805.896834401854	1647.0	-2810.631374325522	4.734539923668064
1829000	-2805.1849781212068	1647.0	-2813.539894430482	8.35491630927529
1830000	-2803.160357298189	1648.0	-2810.2050586165697	7.044701318380577
1831000	-2800.8706424075663	1649.0	-2809.140390980492	8.26974857292594
1832000	-2802.6623861821104	1650.0	-2810.974803859199	8.312417677088455
1833000	-2802.3754780610407	1651.0	-2810.4254457338748	8.049967672834004
1834000	-2803.948839920871	1652.0	-2812.793737915191	8.844897994319847
1835000	-2801.9966544906997	1653.0	-2809.4117187609936	7.4150642702936995
1836000	-2802.3567810268733	1654.0	-2810.548524435384	8.191743408510886
1837000	-2801.502428858026	1655.0	-2809.9599010466377	8.457472188611654
1838000	-2805.9044394089783	1656.0	-2810.7853297664387	4.880890357460293
1839000	-2802.761109815443	1656.0	-2810.8223010165234	8.061191201080382
1840000	-2802.637837701977	1657.0	-2810.065884313194	7.428046611217369
1841000	-2803.51137062191	1658.0	-2811.677313297292	8.165942675382343
1842000	-2802.9597631181205	1659.0	-2811.226441621659	8.266678503538552
1843000	-2806.1025840051284	1660.0	-2813.0310223295637	6.928438324435451
1844000	-2801.681970375332	1661.0	-2809.783647592474	8.1016772171418
1845000	-2802.519367154095	1662.0	-2811.204236815802	8.684869661706644
1846000	-2801.378583379902	1663.0	-2809.496765367793	8.118181987891152
1847000	-2802.9583787014813	1664.0	-2811.0829139548223	8.124535253340818
1848000	-2803.1920472099932	1665.0	-2810.0814189773546	6.889371767361502
1849000	-2802.311893269478	1665.0	-2810.396060552143	8.084167282664968
1850000	-2802.6772717072054	1666.0	-2810.934979930637	8.257708223431415
1851000	-2803.5016099448685	1667.0	-2810.783479442072	7.281869497203214
1852000	-2802.7269319749325	1668.0	-2810.6174691510664	7.890537176133758
1853000	-2801.488906256406	1669.0	-2809.6876342791766	8.198728022770458
1854000	-2802.864984028499	1670.0	-2809.6561256358127	6.791141607313702
1855000	-2802.498534123001	1671.0	-2809.3901212072083	6.891587084207396
1856000	-2802.8292211748303	1672.0	-2810.3717650330286	7.542543858198426
1857000	-2808.670711060767	1673.0	-2815.6030324605663	6.932321399799288
1858000	-2803.683264621266	1674.0	-2809.69605837994	6.012793758674096
1859000	-2805.585481737449	1674.0	-2811.0460116844274	5.460529946978681
1860000	-2804.9575337448773	1675.0	-2812.0162219215736	7.058688176696192
1861000	-2802.482976444788	1676.0	-2809.8404862792368	7.357509834448744
1862000	-2803.4383126899843	1677.0	-2811.0042252875646	7.565912597580174
1863000	-2801.8996161540467	1678.0	-2809.910268685948	8.010652531901007
1864000	-2800.5865292751387	1679.0	-2809.0578698942213	8.471340619082845
1865000	-2803.0789442159466	1680.0	-2810.0759895620467	6.997045346100101
1866000	-2804.0460168602895	1681.0	-2812.776895825691	8.730878965401732
1867000	-2801.965027100086	1682.0	-2809.993287466196	8.028260366109812
1868000	-2800.922820119798	1683.0	-2809.2445674397304	8.3217473199323
1869000	-2808.1351942297374	1683.0	-2815.621760289476	7.486566059738194
1870000	-2802.7615010703425	1684.0	-2810.243219439005	7.481718368662135
1871000	-2802.318646347856	1685.0	-2810.50473151933	8.186085171474222
1872000	-2803.3572906508766	1686.0	-2810.628297526989	7.2710068761126
1873000	-2802.8512941921053	1687.0	-2810.8795003836053	8.028206191500185
1874000	-2803.6402391454744	1688.0	-2811.0884466264333	7.448207480958677
1875000	-2803.124344970047	1689.0	-2810.910824707401	7.7864797373541155
1876000	-2802.422700544785	1690.0	-2809.692535871254	7.269835326469152
1877000	-2801.1456883188466	1691.0	-2809.5201529115457	8.374464592698924
1878000	-2802.2385998541217	1692.0	-2809.4887885301086	7.250188675987007
1879000	-2801.2327930981482	1692.0	-2809.4618202497995	8.229027151651223
1880000	-2801.7844012982973	1693.0	-2810.498638117788	8.71423681949031
1881000	-2802.056282458983	1694.0	-2810.457068594696	8.400786135713279
1882000	-2801.7192107577175	1695.0	-2809.8056171701046	8.086406412387214
1883000	-2801.913763646378	1696.0	-2810.181334342948	8.267570696569967
1884000	-2800.3587870028273	1697.0	-2808.536858784007	8.178071781179872
1885000	-2804.1018504630933	1698.0	-2809.9458893827564	5.844038919663017
1886000	-2804.383763166379	1699.0	-2812.4324530942713	8.048689927891955
1887000	-2800.888158769966	1700.0	-2809.208362433037	8.320203663071023
1888000	-2803.768816857356	1701.0	-2811.0830032498043	7.314186392448188
1889000	-2801.0867790106026	1701.0	-2809.6190012934344	8.532222282831789
1890000	-2800.620096508551	1702.0	-2809.1636942145	8.543597705949418
1891000	-2801.3710088286443	1703.0	-2809.8877036064287	8.516694777784506
1892000	-2801.907030186671	1704.0	-2810.095339738222	8.188309551551042
1893000	-2802.2763741782032	1705.0	-2809.5246030104695	7.248228832266247
1894000	-2801.2624343682523	1706.0	-2809.5951391464623	8.332704778209939
1895000	-2802.2149718584637	1707.0	-2809.7950518744847	7.580080016020918
1896000	-2803.3773423475473	1708.0	-2811.1919520103497	7.814609662802474
1897000	-2806.6774699654693	1709.0	-2815.8149579303727	9.137487964903405
1898000	-2803.996868717223	1710.0	-2810.8184842823475	6.8216155651241515
1899000	-2802.4402102356685	1710.0	-2809.8719091858075	7.431698950138794
1900000	-2804.877087072861	1711.0	-2813.0554298448305	8.178342771969774
1901000	-2803.421855378253	1712.0	-2810.973223268619	7.551367890366068
1902000	-2804.2458562571187	1713.0	-2812.811645651648	8.56578939452955
1903000	-2804.437761751429	1714.0	-2812.8601393713716	8.422377619942328
1904000	-2805.225486833232	1715.0	-2813.2610726748453	8.035585841613138
1905000	-2804.980591103536	1716.0	-2812.248453330175	7.267862226638793
1906000	-2808.3919917193057	1717.0	-2815.9812320296487	7.589240310343005
1907000	-2804.2269811841757	1718.0	-2811.7168232792446	7.489842095068978
1908000	-2802.0797768782713	1719.0	-2810.5597238960536	8.479947017782345
1909000	-2802.816978437372	1719.0	-2810.9829306798174	8.16595224244535
1910000	-2801.682372605255	1720.0	-2809.247486129716	7.565113524461044
1911000	-2802.2213080699344	1721.0	-2809.857982961089	7.636674891154622
1912000	-2803.500279298854	1722.0	-2811.9423927824837	8.442113483629626
1913000	-2801.0822124419633	1723.0	-2809.0867229485057	8.004510506542344
1914000	-2805.67584251682	1724.0	-2814.5430518858507	8.867209369030755
1915000	-2807.5543045028926	1725.0	-2815.762782782759	8.20847827986642
1916000	-2802.618949377891	1726.0	-2810.1084930110783	7.48954363318717
1917000	-2801.258322839869	1727.0	-2809.9329415313896	8.674618691520676
1918000	-2804.8744862975464	1728.0	-2812.9153776445532	8.040891347006902
1919000	-2801.0733533034595	1728.0	-2809.6088732468006	8.53551994334131
1920000	-2805.405271133488	1729.0	-2813.291893006893	7.886621873405183
1921000	-2802.609485706925	1730.0	-2809.6757641801896	7.0662784732642265
1922000	-2801.4493403366555	1731.0	-2809.64626186383	8.196921527174803
1923000	-2802.411420154252	1732.0	-2810.5899408328905	8.178520678638328
1924000	-2802.432600275762	1733.0	-2810.6080073436556	8.175407067893708
1925000	-2804.9380826844545	1734.0	-2811.1736912654433	6.235608580988602
1926000	-2803.423015073772	1735.0	-2811.605836943125	8.182821869352692
1927000	-2803.3730141555648	1736.0	-2810.893771726152	7.520757570587318
1928000	-2802.5193060522083	1737.0	-2810.8431841961215	8.32387814391317
1929000	-2801.3606864688445	1737.0	-2809.7656968069173	8.405010338072795
1930000	-2802.436506654922	1738.0	-2810.237304563694	7.800797908771937
1931000	-2801.0819691452066	1739.0	-2809.183679011675	8.101709866468335
1932000	-2800.5665932924558	1740.0	-2808.927276906448	8.36068361399202
1933000	-2802.9115752169046	1741.0	-2809.576441191875	6.664865974970251
1934000	-2804.366538307211	1742.0	-2812.770197026196	8.40365871898495
1935000	-2807.055686179557	1743.0	-2815.41159744359	8.35591126403257
1936000	-2803.0809602876643	1744.0	-2810.479967576498	7.399007288833795
1937000	-2802.265349277463	1745.0	-2810.106950300861	7.841601023398018
1938000	-2802.5942504533364	1746.0	-2810.3693807704185	7.775130317082093
1939000	-2803.3800611847455	1746.0	-2811.4715154515857	8.091454266840259
1940000	-2802.150987772233	1747.0	-2809.097629287772	6.946641515539287
1941000	-2800.9648798255257	1748.0	-2809.100192923483	8.13531309795738
1942000	-2802.138359544879	1749.0	-2809.6679023162496	7.529542771370612
1943000	-2802.514700292207	1750.0	-2810.590377604544	8.07567731233682
1944000	-2805.1129369875134	1751.0	-2813.099590645875	7.986653658361998
1945000	-2804.3509929139555	1752.0	-2812.923121458288	8.572128544332411
1946000	-2802.950258633898	1753.0	-2811.90103708022	8.95077844632177
1947000	-2801.1961006256734	1754.0	-2809.2033298432143	8.007229217540772
1948000	-2804.6968347462052	1755.0	-2811.7743640609287	7.077529314723282
1949000	-2803.6404117064376	1755.0	-2811.1288862615693	7.488474555131533
1950000	-2800.4828856751674	1756.0	-2808.952618614231	8.4697329390638
1951000	-2801.50991704198	1757.0	-2810.1018155540405	8.591898512060732
1952000	-2802.4770127777956	1758.0	-2810.8124164991523	8.335403721356808
1953000	-2804.2670948233913	1759.0	-2811.8166921787374	7.549597355346086
1954000	-2801.041171414487	1760.0	-2809.6724987406915	8.631327326204413
1955000	-2801.976551705864	1761.0	-2810.357453424258	8.38090171839388
1956000	-2800.8103494402512	1762.0	-2808.922625208799	8.112275768547816
1957000	-2806.8775887065694	1763.0	-2815.0011982612814	8.123609554712136
1958000	-2802.2882112017837	1764.0	-2810.9707200581074	8.682508856323729
1959000	-2801.0601428857326	1764.0	-2809.0808183636027	8.02067547786993
1960000	-2801.3418031627384	1765.0	-2809.3048716529547	7.963068490216169
1961000	-2800.8876811591986	1766.0	-2809.2853831978055	8.397702038606825
1962000	-2802.4328824366453	1767.0	-2810.6759957895483	8.243113352903137
1963000	-2801.8722942892255	1768.0	-2809.5337710291797	7.66147673995439
1964000	-2803.379609740764	1769.0	-2811.7473020224575	8.367692281693534
1965000	-2802.3597487306065	1770.0	-2810.9037224127396	8.543973682133092
1966000	-2803.5823367799417	1771.0	-2811.104839046019	7.522502266077544
1967000	-2802.3509018125037	1772.0	-2809.237357231622	6.8864554191181595
1968000	-2804.5459748486724	1773.0	-2812.010294635056	7.464319786384064
1969000	-2802.8955824742525	1773.0	-2811.316422621156	8.420840146903775
1970000	-2803.4750164655557	1774.0	-2811.7141016779783	8.239085212422644
1971000	-2802.158230659591	1775.0	-2810.1574763901895	7.9992457305985925
1972000	-2802.223388478748	1776.0	-2809.4698222552147	7.246433776466863
1973000	-2802.273116994791	1777.0	-2810.7117020402807	8.438585045489507
1974000	-2801.3278285644437	1778.0	-2809.8201607847213	8.492332220277579
1975000	-2802.0761329801508	1779.0	-2809.6824432088533	7.606310228702692
1976000	-2802.81192803172	1780.0	-2811.144183076897	8.332255045177185
1977000	-2803.9912586258024	1781.0	-2812.04185644026	8.050597814457227
1978000	-2802.7414590837566	1782.0	-2810.7960363197653	8.05457723600858
1979000	-2801.8092934488004	1782.0	-2809.6667497481726	7.857456299372337
1980000	-2805.6430725727446	1783.0	-2813.226242417363	7.58316984461863
1981000	-2802.56218836146	1784.0	-2810.342047275546	7.7798589140860965
1982000	-2800.4194046519433	1785.0	-2808.787921794615	8.36851714267172
1983000	-2803.6923378780252	1786.0	-2810.6399936414346	6.947655763409236
1984000	-2800.6384990374117	1787.0	-2808.833629969027	8.195130931615095
1985000	-2802.0862554468727	1788.0	-2810.6134738931546	8.527218446281868
1986000	-2804.632669613806	1789.0	-2812.2752578959944	7.642588282188524
1987000	-2803.457127762033	1790.0	-2811.253373335072	7.796245573039016
1988000	-2802.8661829391026	1791.0	-2811.204762769483	8.338579830380018
1989000	-2801.6037424120823	1791.0	-2809.8286850783343	8.224942666251817
1990000	-2804.4667583431133	1792.0	-2810.367670553218	5.900912210104851
1991000	-2801.5140707445657	1793.0	-2809.481332798494	7.967262053928263
1992000	-2801.5431885090334	1794.0	-2809.784039791674	8.240851282640545
1993000	-2802.183274917376	1795.0	-2810.417545516573	8.234270599197469
1994000	-2807.713924737328	1796.0	-2816.3897813159483	8.675856578620532
1995000	-2803.3991932786557	1797.0	-2811.1548911855157	7.755697906859777
1996000	-2802.750332277354	1798.0	-2811.340381920051	8.59004964269727
1997000	-2802.7667246759383	1799.0	-2811.485228832823	8.71850415688449
1998000	-2802.514475130231	1800.0	-2810.560070692339	8.045595562108375
1999000	-2805.0169491041793	1800.0	-2812.335145950944	7.318196846764642
2000000	-2804.162851325308	1801.0	-2812.5590926196323	8.396241294324236
2001000	-2803.2907596558885	1802.0	-2811.190538088591	7.899778432702728
2002000	-2801.9005479110588	1803.0	-2810.016111088294	8.115563177235241
2003000	-2804.812445284028	1804.0	-2813.0256371120454	8.21319182801735
2004000	-2802.1569490600045	1805.0	-2809.7932193722186	7.636270312214254
2005000	-2805.613125263762	1806.0	-2810.024598361527	4.411473097764803
2006000	-2801.4101186329353	1807.0	-2809.4588867184543	8.04876808551878
2007000	-2802.7127359791784	1808.0	-2810.828240163784	8.115504184605566
2008000	-2802.125821577321	1809.0	-2810.3695914088344	8.243769831513315
2009000	-2802.198046673795	1809.0	-2810.1724504203553	7.974403746560398
2010000	-2802.6825004957814	1810.0	-2809.98338796196	7.300887466178637
2011000	-2802.7027331730565	1811.0	-2810.7239360952694	8.0212029222132
2012000	-2803.103519515196	1812.0	-2811.6585306532097	8.555011138013722
2013000	-2804.8534241736315	1813.0	-2812.598391060469	7.744966886837404
2014000	-2809.5170765951907	1814.0	-2811.9088925744777	2.3918159792869087
2015000	-2800.587572719463	1815.0	-2809.120876889699	8.533304170236093
2016000	-2802.4397278604174	1816.0	-2810.3748537436068	7.935125883189496
2017000	-2802.200427580842	1817.0	-2809.241428019477	7.041000438634867
2018000	-2803.829345979397	1818.0	-2811.1761287094278	7.346782730030374
2019000	-2801.394121768255	1818.0	-2809.2370377503426	7.842915982087664
2020000	-2801.7900947708313	1819.0	-2808.9246176761044	7.134522905273063
2021000	-2803.8061092358253	1820.0	-2808.7696629845514	4.963553748726191
2022000	-2802.307638664382	1821.0	-2810.6945275530456	8.386888888663451
2023000	-2801.849744228904	1822.0	-2809.2211720097944	7.371427780890542
2024000	-2801.048381098445	1823.0	-2808.974501827527	7.926120729081769
2025000	-2803.343121718015	1824.0	-2811.942846872344	8.599725154328913
2026000	-2802.804859427868	1825.0	-2811.509105375053	8.704245947184866
2027000	-2803.969946609854	1826.0	-2811.4200370384024	7.450090428548353
2028000	-2800.583233388037	1827.0	-2808.9637202571257	8.380486869088728
2029000	-2801.901287264994	1827.0	-2810.013353007997	8.11206574300271
2030000	-2805.2655308687163	1828.0	-2812.680221933616	7.41469106489947
2031000	-2805.248711045385	1829.0	-2813.891470152594	8.642759107209288
2032000	-2802.4996413158105	1830.0	-2811.1024068212546	8.602765505444037
2033000	-2802.810872931502	1831.0	-2810.83230249928	8.021429567778045
2034000	-2801.850698529285	1832.0	-2809.837213449451	7.986514920166122
2035000	-2802.8150181797487	1833.0	-2811.646971968383	8.831953788633896
2036000	-2803.042281114785	1834.0	-2810.349621866303	7.307340751518115
2037000	-2801.2368357582063	1835.0	-2809.38712287103	8.150287112823477
2038000	-2802.096996189221	1836.0	-2809.625147036051	7.528150846830125
2039000	-2801.015975842167	1836.0	-2809.141909447451	8.125933605283802
2040000	-2801.1820812723495	1837.0	-2809.292401236036	8.110319963686578
2041000	-2806.2174169367086	1838.0	-2813.689998692761	7.4725817560524295
2042000	-2800.546465187897	1839.0	-2808.8292191343385	8.282753946441463
2043000	-2802.3232612707134	1840.0	-2810.9088001357545	8.585538865041372
2044000	-2803.606650830372	1841.0	-2811.776406507901	8.169755677528732
2045000	-2807.094749063419	1842.0	-2815.272577092629	8.17782802921017
2046000	-2805.707569551451	1843.0	-2812.933601924203	7.226032372751816
2047000	-2802.6279419842517	1844.0	-2810.542228944416	7.914286960164332
2048000	-2802.390063736993	1845.0	-2810.524705888213	8.134642151219971
2049000	-2802.764832017269	1845.0	-2811.1902475914594	8.425415574190385
2050000	-2805.577349470544	1846.0	-2813.518154403867	7.940804933322726
2051000	-2802.6773749537774	1847.0	-2809.9677410104787	7.290366056701453
2052000	-2805.9661070422176	1848.0	-2813.6084008953308	7.642293853112964
2053000	-2801.320013963563	1849.0	-2808.6374146309095	7.317400667346525
2054000	-2802.886250190792	1850.0	-2810.53694532524	7.6506951344483545
2055000	-2800.999307824007	1851.0	-2809.0044240225197	8.005116198513178
2056000	-2801.537286848069	1852.0	-2810.1928578612224	8.655571013153356
2057000	-2802.5848153381517	1853.0	-2809.3001568314685	6.715341493316969
2058000	-2805.661572229107	1854.0	-2811.5033411513286	5.841768922221448
2059000	-2803.9423592801945	1854.0	-2811.7694135094603	7.827054229265563
2060000	-2801.803305572393	1855.0	-2809.845903166087	8.042597593693579
2061000	-2805.988767140174	1856.0	-2814.6271119985486	8.638344858374644
2062000	-2802.6027237838007	1857.0	-2811.1178116834317	8.515087899631094
2063000	-2804.4099032623485	1858.0	-2812.5313170272625	8.12141376491403
2064000	-2803.1144722348176	1859.0	-2809.659305287745	6.544833052927586
2065000	-2802.1854953392744	1860.0	-2810.082337379382	7.896842040107612
2066000	-2801.9956639756133	1861.0	-2810.457987126696	8.462323151082813
2067000	-2802.1681307237523	1862.0	-2810.8788712658975	8.710740542145055
2068000	-2803.602645569377	1863.0	-2811.580372046287	7.977726476910141
2069000	-2802.1226083892325	1863.0	-2810.341130826663	8.218522437430742
2070000	-2805.0436237691883	1864.0	-2813.5239140073672	8.480290238178695
2071000	-2802.7128233056196	1865.0	-2811.0868567816865	8.374033476067
2072000	-2803.706671943555	1866.0	-2811.655548545739	7.948876602183816
2073000	-2803.3312190648817	1867.0	-2811.6078586978433	8.27663963296148
2074000	-2802.007920554921	1868.0	-2810.546343383228	8.538422828307027
2075000	-2803.539974767265	1869.0	-2809.401773887936	5.861799120671119
2076000	-2802.624102422005	1870.0	-2811.2078362212483	8.583733799243292
2077000	-2810.648340509747	1871.0	-2818.073297296238	7.424956786490654
2078000	-2802.263222077804	1872.0	-2810.7120104718024	8.448788393998461
2079000	-2801.420533043981	1872.0	-2809.656863534879	8.236330490897943
2080000	-2807.65516291368	1873.0	-2815.289717774729	7.634554861048681
2081000	-2802.7561028816376	1874.0	-2810.669047525558	7.912944643920565
2082000	-2806.507388290888	1875.0	-2813.654806070375	7.147417779486919
2083000	-2802.754550291432	1876.0	-2811.1559280770025	8.40137778557007
2084000	-2801.815643295538	1877.0	-2810.300790376337	8.485147080798875
2085000	-2803.094811393643	1878.0	-2811.0291579772265	7.934346583583699
2086000	-2803.098705792372	1879.0	-2811.5384503265786	8.439744534206532
2087000	-2801.6442900784864	1880.0	-2809.1446185111513	7.500328432664997
2088000	-2800.6776151978274	1881.0	-2809.0379779948903	8.360362797062802
2089000	-2800.338570591049	1881.0	-2808.7356397254734	8.397069134424363
2090000	-2802.642817600151	1882.0	-2811.0591620067758	8.416344406624674
2091000	-2803.9970082268705	1883.0	-2811.761727528922	7.7647193020516205
2092000	-2806.8337498086335	1884.0	-2813.9858986334625	7.152148824829198
2093000	-2804.0040356751656	1885.0	-2812.0852191901577	8.081183514991846
2094000	-2801.191086104276	1886.0	-2809.0952033953167	7.9041172910407855
2095000	-2805.6694920934206	1887.0	-2813.8541172535333	8.184625160112969
2096000	-2804.408374530188	1888.0	-2811.2109199492274	6.802545419039154
2097000	-2802.2154017819685	1889.0	-2810.0286361694934	7.813234387524852
2098000	-2803.251924205774	1890.0	-2811.2566239052912	8.004699699517676
2099000	-2802.997726558589	1890.0	-2810.9999205238328	8.002193965243773
2100000	-2804.4589950732056	1891.0	-2812.974393448652	8.515398375446328
2101000	-2801.1053218707966	1892.0	-2809.4283558414863	8.323033970689862
2102000	-2803.8665578849964	1893.0	-2812.0609807033984	8.19442281840201
2103000	-2803.362979161641	1894.0	-2811.781804262485	8.418825100844053
2104000	-2802.0103015027894	1895.0	-2810.6716193282223	8.661317825432722
2105000	-2803.452812534096	1896.0	-2810.534111147901	7.081298613804754
2106000	-2801.990589810187	1897.0	-2810.3753663655652	8.384776555378187
2107000	-2802.872114310635	1898.0	-2810.5106637254726	7.6385494148375175
2108000	-2801.531807796095	1899.0	-2810.0453873890274	8.513579592932338
2109000	-2805.172975361393	1899.0	-2812.815672372708	7.642697011314796
2110000	-2808.4185445943453	1900.0	-2817.568125861472	9.149581267126456
2111000	-2800.7980441813143	1901.0	-2809.048728315192	8.250684133877773
2112000	-2804.454286487693	1902.0	-2812.371575902187	7.917289414493971
2113000	-2804.4658957929264	1903.0	-2812.34105373882	7.875157945893723
2114000	-2803.0976860005344	1904.0	-2811.573085461729	8.475399461194804
2115000	-2803.488439676685	1905.0	-2811.6157376946476	8.127298017962246
2116000	-2801.6500514857516	1906.0	-2810.0286886810773	8.378637195325439
2117000	-2800.9344621258933	1907.0	-2808.976857198392	8.042395072498593
2118000	-2801.757852248362	1908.0	-2810.250324541766	8.492472293404088
2119000	-2802.4647741867793	1908.0	-2810.838851901311	8.374077714531715
2120000	-2807.1803771103014	1909.0	-2814.95119102721	7.770813916908722
2121000	-2800.9855005232153	1910.0	-2809.533465306518	8.547964783302605
2122000	-2802.676378304595	1911.0	-2811.1515238971615	8.475145592566397
2123000	-2802.1714779885856	1912.0	-2808.855078695706	6.683600707120402
2124000	-2801.6030130306335	1913.0	-2809.3738119318646	7.770798901230898
2125000	-2802.54477809829	1914.0	-2810.540509563309	7.995731465019226
2126000	-2801.7023034113918	1915.0	-2810.537733038654	8.83542962726235
2127000	-2802.643146554198	1916.0	-2811.3292284806753	8.686081926477224
2128000	-2804.087356983898	1917.0	-2810.7634838801855	6.676126896287448
2129000	-2802.971520029958	1917.0	-2810.6142081631397	7.642688133181629
2130000	-2800.820156547044	1918.0	-2809.332752482908	8.512595935863809
2131000	-2804.0553858814287	1919.0	-2812.4230092476137	8.36762336618509
2132000	-2800.368989490328	1920.0	-2809.0043151311793	8.635325640850986
2133000	-2803.769542336679	1921.0	-2812.016993056257	8.24745071957801
2134000	-2805.3802143463545	1922.0	-2813.3104875742874	7.9302732279330055
2135000	-2802.5836449256994	1923.0	-2810.1220158506558	7.538370924956151
2136000	-2802.055357753145	1924.0	-2808.4867354176313	6.431377664486109
2137000	-2801.751419217444	1925.0	-2810.266219308248	8.514800090804037
2138000	-2801.2966605043034	1926.0	-2809.467667913538	8.171007409234626
2139000	-2802.269063976551	1926.0	-2809.682280337413	7.413216360861743
2140000	-2805.1990873537884	1927.0	-2813.2656641614076	8.06657680761912
2141000	-2804.5572118459922	1928.0	-2812.531406000432	7.9741941544399015
2142000	-2805.638468793176	1929.0	-2812.6615225607584	7.023053767582545
2143000	-2802.0255121754044	1930.0	-2810.3875918078115	8.362079632407097
2144000	-2802.1864995616947	1931.0	-2810.21104815821	8.02454859651534
2145000	-2801.906708078861	1932.0	-2809.985394148769	8.078686069908144
2146000	-2802.2351377018517	1933.0	-2810.1372013607015	7.902063658849968
2147000	-2801.6942059405815	1934.0	-2810.027848224941	8.333642284359609
2148000	-2807.0228607692643	1935.0	-2814.5022597378793	7.479398968615106
2149000	-2802.7358927094742	1935.0	-2810.4255344600615	7.689641750587421
2150000	-2803.788206275427	1936.0	-2812.015905751285	8.227699475857978
2151000	-2804.368038148385	1937.0	-2809.934663227355	5.56662507896989
2152000	-2801.84469437348	1938.0	-2810.247500843863	8.40280647038287
2153000	-2802.2562358303358	1939.0	-2809.670592027237	7.41435619690132
2154000	-2801.960138891561	1940.0	-2810.400930844059	8.440791952497955
2155000	-2801.239778825963	1941.0	-2809.649439763787	8.409660937823896
2156000	-2800.6868922023973	1942.0	-2809.011486578816	8.324594376418833
2157000	-2802.4103468049743	1943.0	-2810.6787334851006	8.268386680126206
2158000	-2804.9674454324045	1944.0	-2811.464792482887	6.497347050482284
2159000	-2804.0922224501446	1944.0	-2811.8498121492953	7.757589699150564
2160000	-2800.362838370895	1945.0	-2808.7247267831044	8.361888412209499
2161000	-2803.027766759949	1946.0	-2811.503554873797	8.475788113848234
2162000	-2802.483887239113	1947.0	-2810.488480823932	8.004593584819364
2163000	-2803.1064865348267	1948.0	-2809.7738284191255	6.667341884298919
2164000	-2805.8369246073585	1949.0	-2814.2806515291227	8.443726921764311
2165000	-2803.623588891361	1950.0	-2811.57445309833	7.950864206969186
2166000	-2805.160262755367	1951.0	-2812.8179828174857	7.657720062118532
2167000	-2801.728840764646	1952.0	-2810.225133076151	8.49629231150484
2168000	-2804.2238244213545	1953.0	-2812.536224317114	8.312399895759508
2169000	-2802.4594998176535	1953.0	-2810.8023701600587	8.342870342405146
2170000	-2801.463779341844	1954.0	-2809.2400410261475	7.776261684303174
2171000	-2803.174689621303	1955.0	-2811.493814257069	8.319124635766103
2172000	-2803.9370532585535	1956.0	-2810.9738864395285	7.036833180974943
2173000	-2801.6416938336856	1957.0	-2809.911277916112	8.269584082426267
2174000	-2804.1245726960888	1958.0	-2812.1259473937025	8.001374697613912
2175000	-2801.876970169591	1959.0	-2809.9439926050877	8.067022435496607
2176000	-2801.082693094321	1960.0	-2808.7446403302065	7.661947235885696
2177000	-2802.5061302060485	1961.0	-2810.1293124429676	7.623182236919316
2178000	-2801.8906703967414	1962.0	-2810.4069039919364	8.516233595195128
2179000	-2805.6411475311484	1962.0	-2809.6707948234653	4.029647292317101
2180000	-2801.56096429929	1963.0	-2809.7534960524104	8.192531753120612
2181000	-2801.711155917424	1964.0	-2810.236232988368	8.525077070943809
2182000	-2801.824811752325	1965.0	-2810.285874677775	8.461062925450168
2183000	-2801.356348012282	1966.0	-2810.146223559961	8.789875547678923
2184000	-2801.958441495762	1967.0	-2810.2735341617217	8.315092665959584
2185000	-2800.9266242057797	1968.0	-2808.977275001694	8.050650795914525
2186000	-2801.1524345835746	1969.0	-2809.0872019015933	7.934767318018517
2187000	-2801.6088194671765	1970.0	-2810.5159895624447	8.907170095268384
2188000	-2802.8261806601963	1971.0	-2811.694725244591	8.868544584394897
2189000	-2802.251660178569	1971.0	-2810.1088292004642	7.857169021895119
2190000	-2807.3423527077057	1972.0	-2812.1731138751456	4.83076116743994
2191000	-2801.4906117881565	1973.0	-2809.5957881249683	8.105176336811965
2192000	-2801.9897201521876	1974.0	-2809.277492828264	7.287772676076171
2193000	-2801.2653835638407	1975.0	-2808.744184554991	7.47880099115039
2194000	-2802.914646308684	1976.0	-2809.8342680702876	6.919621761603664
2195000	-2802.9574241615855	1977.0	-2809.6970419858785	6.739617824293141
2196000	-2802.8692311578698	1978.0	-2811.385504604363	8.516273446493262
2197000	-2804.1218480623893	1979.0	-2812.486317066411	8.364469004022002
2198000	-2802.6319232881383	1980.0	-2811.2237490254747	8.591825737336283
2199000	-2801.764645269769	1980.0	-2810.3278979164797	8.56325264671073
2200000	-2805.3144400761194	1981.0	-2812.4715713580135	7.15713128189439
2201000	-2804.6465575113302	1982.0	-2812.658848126313	8.012290614982643
2202000	-2800.940240804225	1983.0	-2809.410302261312	8.470061457087048
2203000	-2804.1341035069972	1984.0	-2812.56982835219	8.435724845192876
2204000	-2802.088628829305	1985.0	-2809.1171990422135	7.028570212908603
2205000	-2802.836297354807	1986.0	-2810.4674883741877	7.631191019380608
2206000	-2804.5127741823876	1987.0	-2812.007627920351	7.494853737963216
2207000	-2803.32821935751	1988.0	-2811.0942264961805	7.7660071386702665
2208000	-2802.90118574174	1989.0	-2809.9599274027923	7.05874166105243
2209000	-2806.538636945348	1989.0	-2814.0796562503115	7.541019304963443
2210000	-2803.638269938406	1990.0	-2809.5188118423703	5.880541903964012
2211000	-2803.443717197437	1991.0	-2811.2869466126767	7.843229415239853
2212000	-2804.0366662169727	1992.0	-2812.081065467263	8.04439925029068
2213000	-2800.1597788695376	1993.0	-2808.356894105115	8.197115235577089
2214000	-2800.968425964337	1994.0	-2809.671369455937	8.70294349160026
2215000	-2803.0654654750433	1995.0	-2811.0519738539333	7.986508378890177
2216000	-2805.9534493384276	1996.0	-2813.7762693620775	7.82282002364998
2217000	-2802.997815210046	1997.0	-2810.6951413309357	7.697326120889758
2218000	-2801.9064694723597	1998.0	-2810.571162649954	8.664693177594273
2219000	-2806.224485388967	1998.0	-2813.0464595378253	6.821974148858202
2220000	-2801.9334674213187	1999.0	-2810.281758473835	8.348291052516348
2221000	-2803.55407962509	2000.0	-2811.6819361803	8.127856555210235
2222000	-2803.592850971236	2001.0	-2810.2300193881865	6.637168416950468
2223000	-2803.3849223403668	2002.0	-2810.0457260296284	6.660803689261553
2224000	-2803.3219813470787	2003.0	-2811.019280191388	7.6972988443092305
2225000	-2801.673194625971	2004.0	-2809.995114950911	8.321920324940015
2226000	-2805.209632572001	2005.0	-2811.8124348362035	6.6028022642027615
2227000	-2803.8188571648616	2006.0	-2811.687281085427	7.868423920565404
2228000	-2802.856388799984	2007.0	-2811.020112779496	8.163723979512024
2229000	-2802.3600398959875	2007.0	-2810.715296348445	8.355256452457581
2230000	-2801.342899340043	2008.0	-2809.621521162724	8.278621822681236
2231000	-2802.333973356815	2009.0	-2810.8907601660158	8.556786809200915
2232000	-2802.8847954282237	2010.0	-2809.300846819559	6.416051391335214
2233000	-2800.798988566785	2011.0	-2809.203993934177	8.40500536739242
2234000	-2803.2226310857823	2012.0	-2810.9846426256827	7.762011539900462
2235000	-2802.278117678092	2013.0	-2810.542355331678	8.264237653586314
2236000	-2802.0822442640333	2014.0	-2810.270222857009	8.187978592975487
2237000	-2801.3371777206203	2015.0	-2809.522556442224	8.18537872160346
2238000	-2804.8230991949695	2016.0	-2811.290259440585	6.467160245615473
2239000	-2802.2098772281533	2016.0	-2810.6003548763147	8.390477648161205
2240000	-2800.6499663774953	2017.0	-2809.156523350752	8.506556973256995
2241000	-2801.9479351039877	2018.0	-2809.8818563647487	7.9339212607610605
2242000	-2803.1162892005996	2019.0	-2810.5585526260347	7.44226342543538
2243000	-2802.240998994138	2020.0	-2810.967274746321	8.726275752183156
2244000	-2800.903791158762	2021.0	-2809.5050472318967	8.601256073134477
2245000	-2800.4981191129596	2022.0	-2808.6926409934	8.19452188044039
2246000	-2803.4983853702283	2023.0	-2811.8304495065972	8.332064136368944
2247000	-2802.0773359083314	2024.0	-2810.4213713880827	8.34403547975103
2248000	-2803.180333210486	2025.0	-2811.3899720845166	8.20963887403045
2249000	-2804.713431500298	2025.0	-2813.0404047804655	8.32697328016731
2250000	-2800.4833690868973	2026.0	-2808.833446674251	8.350077587353487
2251000	-2801.4603662689524	2027.0	-2809.4124891671645	7.95212289821231
2252000	-2801.286174378026	2028.0	-2809.843863159588	8.557688781562124
2253000	-2803.256583692669	2029.0	-2811.2351275467104	7.978543854041039
2254000	-2803.612860647047	2030.0	-2811.599059326418	7.986198679370623
2255000	-2804.301126529444	2031.0	-2812.4607588332374	8.159632303793597
2256000	-2801.120773169524	2032.0	-2809.5476811117733	8.42690794224907
2257000	-2804.662750124202	2033.0	-2812.7032685711274	8.040518446925475
2258000	-2801.9098341184144	2034.0	-2810.437028168535	8.52719405012084
2259000	-2802.3049150626844	2034.0	-2810.1388760700847	7.8339610074003545
2260000	-2802.7040735742985	2035.0	-2811.357828219494	8.653754645195654
2261000	-2805.41265978157	2036.0	-2813.2570227488586	7.844362967289029
2262000	-2801.4370856058354	2037.0	-2809.5552599188914	8.11817431305608
2263000	-2803.2546290529576	2038.0	-2811.258262041688	8.003632988730168
2264000	-2802.1906276518725	2039.0	-2809.368794663757	7.178167011884176
2265000	-2805.276132357367	2040.0	-2812.9646808991706	7.6885485418038675
2266000	-2802.421095879493	2041.0	-2810.186427854938	7.765331975444974
2267000	-2803.927649505397	2042.0	-2811.9743905631613	8.04674105776461
2268000	-2802.0556810835787	2043.0	-2810.3590173477623	8.303336264183493
2269000	-2803.7334466944203	2043.0	-2811.2114485826864	7.478001888265918
2270000	-2801.6593169361527	2044.0	-2809.7349131827164	8.075596246563851
2271000	-2807.5440747036155	2045.0	-2815.273873075799	7.729798372183809
2272000	-2803.4131366300417	2046.0	-2811.7330941201935	8.319957490151927
2273000	-2802.916568454282	2047.0	-2811.358561241472	8.441992787190314
2274000	-2803.5073925168394	2048.0	-2811.6808287857616	8.173436268922075
2275000	-2802.015399876265	2049.0	-2809.9855767414283	7.970176865163301
2276000	-2802.050823269548	2050.0	-2809.970050874433	7.919227604885142
2277000	-2805.538536103242	2051.0	-2813.1071247599216	7.568588656679591
2278000	-2803.2979545084827	2052.0	-2811.492789454302	8.19483494581915
2279000	-2802.9971150998226	2052.0	-2811.1803825619822	8.183267462159506
2280000	-2806.301917526515	2053.0	-2809.5633567032583	3.2614391767432185
2281000	-2810.3401454141995	2054.0	-2817.1513915009973	6.811246086797705
2282000	-2803.042677070199	2055.0	-2811.2552829876686	8.212605917469915
2283000	-2802.6869014402573	2056.0	-2810.7010794181	8.014177977842568
2284000	-2800.62947657943	2057.0	-2809.137995852395	8.508519272964692
2285000	-2801.508167186535	2058.0	-2810.1731167236744	8.664949537139515
2286000	-2803.247823311231	2059.0	-2811.50988095198	8.262057640748782
2287000	-2801.8780148216356	2060.0	-2809.6341081893024	7.756093367666882
2288000	-2802.572515033992	2061.0	-2810.357203818997	7.784688785004491
2289000	-2805.3172005561314	2061.0	-2813.1031371805834	7.785936624451976
2290000	-2803.319763515157	2062.0	-2811.1954676224163	7.875704107259664
2291000	-2801.6458537213325	2063.0	-2809.992820584179	8.346966862846191
2292000	-2802.6531151532045	2064.0	-2810.934674853396	8.28155970019138
2293000	-2802.76592908574	2065.0	-2810.6738294784195	7.907900392679554
2294000	-2802.4899468304025	2066.0	-2810.98674171908	8.496794888677297
2295000	-2803.122869619884	2067.0	-2809.301733614722	6.178863994837792
2296000	-2803.213145250996	2068.0	-2811.5563956652813	8.343250414285382
2297000	-2803.823925050082	2069.0	-2811.857401098055	8.033476047973398
2298000	-2801.3613082595807	2070.0	-2809.531387091678	8.170078832097307
2299000	-2805.5380098714013	2070.0	-2813.076677463951	7.538667592549805
2300000	-2802.3512705444437	2071.0	-2810.8062603398967	8.454989795452924
2301000	-2801.8400132643214	2072.0	-2809.8971214939843	8.05710822966272
2302000	-2801.503567798342	2073.0	-2809.8847568145347	8.381189016193026
2303000	-2802.7077742873153	2074.0	-2811.0960743406836	8.388300053368473
2304000	-2804.400672885059	2075.0	-2812.745176184137	8.344503299078173
2305000	-2801.175860134822	2076.0	-2809.309912211536	8.134052076713989
2306000	-2805.416626132961	2077.0	-2811.110358845527	5.6937327125662165
2307000	-2805.5022532100297	2078.0	-2814.3277460684712	8.825492858441457
2308000	-2804.640018598298	2079.0	-2810.748480959818	6.10846236152002
2309000	-2800.8389827537844	2079.0	-2809.0964108128283	8.257428059043928
2310000	-2802.70374581936	2080.0	-2809.9868784043674	7.2831325850076425
2311000	-2802.883969482374	2081.0	-2810.341756401094	7.457786918719616
2312000	-2803.637331168909	2082.0	-2811.222447732059	7.585116563150375
2313000	-2802.095760381258	2083.0	-2810.3809051249946	8.285144743736353
2314000	-2803.3748591678477	2084.0	-2808.9479107053944	5.573051537546661
2315000	-2801.608824783504	2085.0	-2809.6580091018523	8.049184318348352
2316000	-2801.988819703151	2086.0	-2810.186224576994	8.197404873843112
2317000	-2802.124615654588	2087.0	-2810.841352264805	8.716736610217271
2318000	-2801.2614008489545	2088.0	-2809.6789792564196	8.417578407465221
2319000	-2803.16642988481	2088.0	-2811.239274855581	8.072844970770753
2320000	-2801.8923502608422	2089.0	-2809.1848257975093	7.2924755366669025
2321000	-2801.172039624918	2090.0	-2809.649594931606	8.477555306687842
2322000	-2804.8583910537077	2091.0	-2812.544050267222	7.685659213514062
2323000	-2804.0471706024123	2092.0	-2811.143529898126	7.0963592957135395
2324000	-2801.9027086774395	2093.0	-2810.1620201550654	8.259311477626119
2325000	-2802.02187579887	2094.0	-2810.520644599769	8.498768800899061
2326000	-2804.793376528844	2095.0	-2810.80077141669	6.0073948878461785
2327000	-2801.1871099126306	2096.0	-2809.8193740366014	8.63226412397077
2328000	-2805.3455088547075	2097.0	-2813.463700401649	8.118191546941626
2329000	-2803.5868603283375	2097.0	-2811.4363018622953	7.8494415339578
2330000	-2803.919772926532	2098.0	-2810.627612458097	6.707839531564728
2331000	-2802.763135982049	2099.0	-2810.6526971895496	7.889561207500872
2332000	-2802.2405726473653	2100.0	-2810.443731540726	8.203158893360452
2333000	-2801.8217555894703	2101.0	-2810.1801949238798	8.358439334409276
2334000	-2803.6553380403216	2102.0	-2812.007579910146	8.35224186982443
2335000	-2800.631849972395	2103.0	-2808.883372331064	8.251522358669455
2336000	-2801.36790502749	2104.0	-2808.920743857093	7.552838829602734
2337000	-2804.5288655475206	2105.0	-2813.1550158959285	8.626150348408055
2338000	-2803.2225940859935	2106.0	-2811.6298336191717	8.407239533178004
2339000	-2803.4174810433037	2106.0	-2810.732168338654	7.314687295350137
2340000	-2805.6666866625933	2107.0	-2813.0051272131773	7.338440550584173
2341000	-2804.0296166812996	2108.0	-2812.922596208642	8.892979527342469
2342000	-2802.1081773293395	2109.0	-2809.114264546915	7.0060872175754385
2343000	-2803.1458989820653	2110.0	-2812.1323332066268	8.986434224561492
2344000	-2801.535240409112	2111.0	-2809.9392551054475	8.404014696335787
2345000	-2801.736877682452	2112.0	-2810.295695879291	8.55881819683912
2346000	-2800.685992609823	2113.0	-2808.9569374690877	8.27094485926456
2347000	-2808.1506994859706	2114.0	-2815.667857720711	7.517158234740174
2348000	-2803.7659139041666	2115.0	-2812.122135626706	8.35622172253957
2349000	-2802.8932035271932	2115.0	-2810.5726278889765	7.679424361783137
2350000	-2804.154540988803	2116.0	-2812.1468562626337	7.992315273830838
2351000	-2802.612322762806	2117.0	-2811.0087552054574	8.396432442651303
2352000	-2800.742765779542	2118.0	-2809.349644610408	8.606878830866089
2353000	-2802.6290405289883	2119.0	-2810.777304384216	8.148263855227977
2354000	-2802.2571372494876	2120.0	-2809.889825223738	7.632687974250521
2355000	-2801.4755746510536	2121.0	-2809.284379176895	7.808804525841613
2356000	-2804.8406112183334	2122.0	-2812.5729669386665	7.732355720333093
2357000	-2801.4232673265624	2123.0	-2810.0856568749587	8.662389548396288
2358000	-2805.765260075864	2124.0	-2814.0651603104725	8.299900234608911
2359000	-2803.5421624445144	2124.0	-2812.2291788140374	8.687016369522937
2360000	-2800.2564147346625	2125.0	-2808.6841220518477	8.427707317185234
2361000	-2803.20165118182	2126.0	-2810.912679709636	7.711028527815886
2362000	-2801.246949953018	2127.0	-2809.3186304807523	8.071680527734255
2363000	-2802.227026599916	2128.0	-2809.520043812736	7.293017212819736
2364000	-2802.117784370423	2129.0	-2810.503873163787	8.386088793363761
2365000	-2801.352561828096	2130.0	-2809.8766322386155	8.524070410519252
2366000	-2803.774499202581	2131.0	-2812.081498183679	8.306998981097717
2367000	-2804.501560268734	2132.0	-2809.797289839291	5.295729570556858
2368000	-2802.7768300598195	2133.0	-2811.053042883434	8.276212823614596
2369000	-2802.860312965515	2133.0	-2811.7758722821513	8.91555931663662
2370000	-2802.68935393589	2134.0	-2810.206057919746	7.516703983856043
2371000	-2802.0262223147474	2135.0	-2810.477491534865	8.451269220117624
2372000	-2801.637737761562	2136.0	-2810.1199192440617	8.482181482499472
2373000	-2804.3533103017917	2137.0	-2812.769348289602	8.416037987810185
2374000	-2803.031250818954	2138.0	-2811.078820470472	8.04756965151756
2375000	-2800.7022727160934	2139.0	-2809.0446479536768	8.342375237583273
2376000	-2804.4109619697797	2140.0	-2813.000515898687	8.589553928907183
2377000	-2803.896462423143	2141.0	-2812.08593919472	8.189476771577048
2378000	-2804.211169049554	2142.0	-2812.3850546856156	8.17388563606147
2379000	-2801.408333458386	2142.0	-2809.6477174259467	8.239383967560514
2380000	-2800.9520826570133	2143.0	-2808.6210668859885	7.668984228975087
2381000	-2801.532213740429	2144.0	-2809.9361401254455	8.403926385016494
2382000	-2802.2276722854353	2145.0	-2809.5073168990316	7.2796446135961155
2383000	-2801.2602327878167	2146.0	-2809.124598834107	7.864366046290221
2384000	-2801.9438955876954	2147.0	-2809.8325978144885	7.888702226793017
2385000	-2800.244751371848	2148.0	-2808.5358868884823	8.291135516634315
2386000	-2803.996136537571	2149.0	-2811.6891303741495	7.6929938365785375
2387000	-2801.5019282102803	2150.0	-2809.41930154867	7.917373338389627
2388000	-2802.5739502699735	2151.0	-2810.4177667480267	7.843816478053197
2389000	-2805.0391539983048	2151.0	-2812.5823145335203	7.54316053521533
2390000	-2804.076691045148	2152.0	-2812.269558532472	8.192867487323863
2391000	-2803.275811111479	2153.0	-2811.371324704829	8.095513593349823
2392000	-2800.3005853751674	2154.0	-2808.558399621202	8.257814246034856
2393000	-2804.8658248889433	2155.0	-2810.6275306940092	5.761705805065871
2394000	-2802.190835109618	2156.0	-2810.310808396358	8.11997328673977
2395000	-2801.727581114776	2157.0	-2809.1437266321227	7.416145517346863
2396000	-2801.726519854748	2158.0	-2810.245043593198	8.518523738449748
2397000	-2804.0489890730573	2159.0	-2811.5159984702277	7.467009397170222
2398000	-2803.3368471353087	2160.0	-2810.032808540656	6.695961405347082
2399000	-2801.600691711098	2160.0	-2809.48016718068	7.879475469581933
2400000	-2801.527466855037	2161.0	-2809.667804869874	8.140338014837262
2401000	-2801.919564088171	2162.0	-2809.9188036351957	7.999239547024814
2402000	-2807.8685095896653	2163.0	-2815.963504717274	8.09499512760894
2403000	-2804.040168300159	2164.0	-2812.832190129794	8.79202182963473
2404000	-2802.5406046663734	2165.0	-2811.2549418200797	8.714337153706472
2405000	-2801.1885449294996	2166.0	-2809.0982838213276	7.909738891828262
2406000	-2805.0261839295576	2167.0	-2812.821585884012	7.7954019544546505
2407000	-2805.2623282398195	2168.0	-2813.945660504579	8.683332264759567
2408000	-2800.426273518363	2169.0	-2808.830749743542	8.404476225179037
2409000	-2801.8565413787096	2169.0	-2809.84227626715	7.985734888440261
2410000	-2805.331900434002	2170.0	-2813.8068507653825	8.474950331380686
2411000	-2805.827760730027	2171.0	-2811.0185232711924	5.19076254116535
2412000	-2805.019600688705	2172.0	-2811.030792139231	6.0111914505259785
2413000	-2805.709259938821	2173.0	-2811.1607596954927	5.45149975667143
2414000	-2801.2767810416076	2174.0	-2808.9087543138216	7.6319732722139255
2415000	-2802.4422170254134	2175.0	-2811.0807181693554	8.638501143942204
2416000	-2803.91802784187	2176.0	-2812.444081860255	8.526054018385441
2417000	-2805.3707703702066	2177.0	-2813.15303141223	7.782261042023444
2418000	-2802.389883641412	2178.0	-2810.4655661572015	8.075682515789559
2419000	-2801.771245901666	2178.0	-2810.1100702166195	8.338824314953593
2420000	-2802.0600015833206	2179.0	-2810.454259382468	8.394257799147653
2421000	-2803.6808282107518	2180.0	-2811.7351832239187	8.054355013166862
2422000	-2801.939890717449	2181.0	-2809.773415021854	7.8335243044048966
2423000	-2802.3393691575475	2182.0	-2810.33495905342	7.99558989587237
2424000	-2807.067729778752	2183.0	-2815.130037369769	8.062307591016886
2425000	-2803.7872653967247	2184.0	-2810.742647327378	6.955381930653186
2426000	-2801.4317553974715	2185.0	-2809.7319872096505	8.30023181217907
2427000	-2803.307176193488	2186.0	-2809.9936485815906	6.686472388102658
2428000	-2800.7418845792577	2187.0	-2809.3235789330347	8.581694353777237
2429000	-2802.049865220777	2187.0	-2810.3014236051713	8.251558384394295
2430000	-2801.418210594856	2188.0	-2809.529485363713	8.11127476885666
2431000	-2803.5683477057414	2189.0	-2811.6457491510946	8.077401445353026
2432000	-2803.3598926569434	2190.0	-2809.5196254783546	6.159732821411232
2433000	-2802.8069115328017	2191.0	-2810.379194668673	7.572283135871029
2434000	-2802.9116888708913	2192.0	-2809.347435721872	6.435746850980422
2435000	-2801.0190967790472	2193.0	-2808.697655152146	7.678558373098905
2436000	-2802.62509730429	2194.0	-2810.818107292988	8.193009988697561
2437000	-2803.6396882398003	2195.0	-2811.2319339178457	7.592245678045522
2438000	-2805.105006733571	2196.0	-2811.0027612224967	5.897754488925628
2439000	-2800.5356224110046	2196.0	-2809.065063408694	8.529440997689456
2440000	-2805.1166494631416	2197.0	-2812.882208662745	7.765559199603785
2441000	-2803.059566451331	2198.0	-2811.2132961910743	8.153729739743042
2442000	-2802.0993706669783	2199.0	-2810.9171025636515	8.81773189667323
2443000	-2801.5872905574515	2200.0	-2809.591413433496	8.004122876044452
2444000	-2803.119163623673	2201.0	-2811.48511889446	8.365955270786884
2445000	-2802.135718500972	2202.0	-2808.765828743393	6.630110242420668
2446000	-2801.090247888881	2203.0	-2809.7239158678703	8.633667978989262
2447000	-2800.8032468162905	2204.0	-2808.689963427667	7.886716611376341
2448000	-2802.389975368976	2205.0	-2810.3767057125415	7.986730343565521
2449000	-2809.895313773632	2205.0	-2817.4194871931677	7.524173419535513
2450000	-2801.319731500756	2206.0	-2809.453288047437	8.133556546681298
2451000	-2803.253013348337	2207.0	-2811.395607699984	8.142594351646746
2452000	-2804.8157104685774	2208.0	-2811.2644561815437	6.448745712966081
2453000	-2801.0569704256013	2209.0	-2809.7476112091613	8.690640783559779
2454000	-2804.037364374043	2210.0	-2809.2863168218505	5.248952447807175
2455000	-2804.4807719878922	2211.0	-2812.3027969165473	7.822024928655139
2456000	-2803.587138080362	2212.0	-2809.96080422016	6.373666139797933
2457000	-2804.700508686052	2213.0	-2809.178816999773	4.478308313720712
2458000	-2801.8484447217884	2214.0	-2809.92443351327	8.075988791481652
2459000	-2802.8773553218552	2214.0	-2810.944926551741	8.067571229885662
2460000	-2802.10683480319	2215.0	-2810.3657917172927	8.258956914102818
2461000	-2806.50918001511	2216.0	-2814.5434440507015	8.034264035591658
2462000	-2805.112526308136	2217.0	-2812.44174764819	7.329221340054218
2463000	-2802.105832030711	2218.0	-2809.790051368008	7.684219337296811
2464000	-2805.5374861474374	2219.0	-2814.034633715266	8.497147567828343
2465000	-2802.283822144771	2220.0	-2809.812257640694	7.5284354959231194
2466000	-2805.029751104182	2221.0	-2813.801245363784	8.771494259601605
2467000	-2805.0341247857355	2222.0	-2813.3299043755146	8.295779589779306
2468000	-2804.742360743605	2223.0	-2811.834604882024	7.0922441384193196
2469000	-2802.107945861107	2223.0	-2810.8568129162877	8.748867055180689
2470000	-2801.2949769121715	2224.0	-2809.8571150979883	8.562138185816835
2471000	-2804.754825835308	2225.0	-2813.234034496548	8.479208661239856
2472000	-2803.307017889726	2226.0	-2809.3403431545485	6.0333252648224
2473000	-2801.6329327359676	2227.0	-2810.2884125614046	8.655479825437109
2474000	-2805.5041633471624	2228.0	-2814.506547886651	9.002384539488453
2475000	-2801.707361462719	2229.0	-2808.908366746034	7.201005283315255
2476000	-2802.217969820164	2230.0	-2810.55103892044	8.333069100276258
2477000	-2802.067502766233	2231.0	-2810.363889926573	8.296387160340295
2478000	-2802.2940048963346	2232.0	-2810.615313869857	8.32130897352249
2479000	-2803.5177933343616	2232.0	-2811.765079493764	8.24728615940245
2480000	-2803.776068616552	2233.0	-2812.04315949827	8.2670908817182
2481000	-2802.220797957534	2234.0	-2810.443204189524	8.222406231989673
2482000	-2806.234219962102	2235.0	-2812.6256783693543	6.3914584072524345
2483000	-2804.227242778762	2236.0	-2812.1533798532046	7.926137074442615
2484000	-2802.3659112664104	2237.0	-2809.9193467075565	7.553435441146107
2485000	-2807.827102839861	2238.0	-2812.172079232449	4.344976392588059
2486000	-2806.3639283991843	2239.0	-2813.2985376364695	6.934609237285264
2487000	-2801.561867578572	2240.0	-2809.937840542183	8.375972963611028
2488000	-2801.582888003602	2241.0	-2809.560220215307	7.977332211704658
2489000	-2804.294759110161	2241.0	-2811.978836883591	7.684077773430148
2490000	-2800.932202854824	2242.0	-2809.3192965809153	8.38709372609133
2491000	-2802.1313478615302	2243.0	-2810.504976656725	8.373628795194893
2492000	-2801.9156713984707	2244.0	-2808.797000639722	6.881329241251111
2493000	-2802.579144093859	2245.0	-2810.525208215088	7.946064121228722
2494000	-2802.7846701243684	2246.0	-2811.333272895622	8.548602771253789
2495000	-2805.0568578113716	2247.0	-2809.193415597027	4.136557785655366
2496000	-2803.2977183277553	2248.0	-2811.6630066152265	8.365288287471182
2497000	-2804.0353590740115	2249.0	-2808.887891985485	4.852532911473757
2498000	-2801.3911143712317	2250.0	-2809.553447228145	8.162332856913295
2499000	-2802.7299977766907	2250.0	-2809.3937249534233	6.663727176732667
2500000	-2801.1587108260114	2251.0	-2809.677652446059	8.518941620047492
2501000	-2803.903497628969	2252.0	-2812.630921921297	8.727424292328324
2502000	-2800.557640231741	2253.0	-2808.540866370638	7.9832261388969625
2503000	-2801.8605416934197	2254.0	-2810.2450405129375	8.384498819517933
2504000	-2807.181195359538	2255.0	-2814.978477703625	7.797282344086922
2505000	-2804.3805427815823	2256.0	-2812.3854363027185	8.00489352113603
2506000	-2800.6728938288725	2257.0	-2809.2220420189597	8.549148190087397
2507000	-2802.4837841382373	2258.0	-2811.1659220803826	8.682137942145252
2508000	-2800.9167494241624	2259.0	-2809.4038332338087	8.487083809646398
2509000	-2803.7611917186628	2259.0	-2809.7133308752104	5.95213915654762
2510000	-2802.308454536451	2260.0	-2809.8470843371747	7.538629800723936
2511000	-2801.1209527674473	2261.0	-2809.011876390105	7.890923622657525
2512000	-2804.559659257627	2262.0	-2812.727802353467	8.168143095839687
2513000	-2801.605792327876	2263.0	-2809.6360763275266	8.030283999650873
2514000	-2800.702050153298	2264.0	-2808.999001357885	8.296951204587055
2515000	-2803.0666160905434	2265.0	-2811.2636627290776	8.19704663853398
2516000	-2801.9483016166355	2266.0	-2810.1632377640517	8.214936147416267
2517000	-2800.7121939097633	2267.0	-2808.824377111526	8.11218320176264
2518000	-2805.1892115256264	2268.0	-2812.1718598216016	6.982648295975049
2519000	-2803.6605034503505	2268.0	-2811.4691503615127	7.808646911162007
2520000	-2803.837942424828	2269.0	-2809.716643260646	5.8787008358181865
2521000	-2802.4734949902404	2270.0	-2810.7295641805067	8.256069190266459
2522000	-2801.786461822612	2271.0	-2810.1536621352857	8.367200312673459
2523000	-2800.9094755931487	2272.0	-2809.385360608027	8.475885014878372
2524000	-2800.8718746194404	2273.0	-2809.140866438341	8.268991818900554
2525000	-2804.596874098046	2274.0	-2812.7650376342954	8.1681635362493
2526000	-2805.649281383125	2275.0	-2813.296225447799	7.646944064673932
2527000	-2805.1540792212727	2276.0	-2812.9400644810707	7.785985259798048
2528000	-2801.6641934261943	2277.0	-2809.5398677184403	7.875674292245973
2529000	-2802.0428796487904	2277.0	-2809.1093961776746	7.066516528884411
2530000	-2805.15100149075	2278.0	-2813.155140720724	8.004139229973884
2531000	-2804.2663710625457	2279.0	-2812.901166333577	8.634795271031324
2532000	-2802.519621947486	2280.0	-2809.935711248539	7.416089301052917
2533000	-2804.1205837501316	2281.0	-2812.4709792904173	8.350395540285724
2534000	-2802.6756707754894	2282.0	-2810.668531673003	7.992860897513787
2535000	-2809.5215393359467	2283.0	-2817.7962940079483	8.274754672001489
2536000	-2803.1818069889614	2284.0	-2811.0528390478785	7.871032058917186
2537000	-2802.971205978009	2285.0	-2810.3159278366784	7.344721858669488
2538000	-2805.5390208023264	2286.0	-2813.0954406844207	7.556419882094143
2539000	-2801.459052134327	2286.0	-2810.026659003369	8.567606869041693
2540000	-2802.847006138251	2287.0	-2811.283793414439	8.436787276188314
2541000	-2803.1902579787593	2288.0	-2810.928503040367	7.738245061607644
2542000	-2802.094328270146	2289.0	-2809.3804642520404	7.286135981894512
2543000	-2802.554518742104	2290.0	-2810.2950108658124	7.740492123708651
2544000	-2804.5651475825844	2291.0	-2812.08916158542	7.524014002835516
2545000	-2802.32541260348	2292.0	-2810.6545029139847	8.32909031050476
2546000	-2805.204398590342	2293.0	-2811.98682144109	6.782422850747881
2547000	-2802.041794015245	2294.0	-2810.199563681194	8.157769665948583
2548000	-2802.0737330797515	2295.0	-2809.8975921250517	7.8238590453002
2549000	-2802.788213365385	2295.0	-2809.938349196561	7.1501358311755645
2550000	-2802.9326293987565	2296.0	-2808.4584713860395	5.525841987282929
2551000	-2801.013148171443	2297.0	-2809.414364841622	8.401216670179263
2552000	-2805.925973461316	2298.0	-2814.2194548425728	8.29348138125653
2553000	-2803.7040887969742	2299.0	-2811.6133815636226	7.909292766648267
2554000	-2801.2200953434653	2300.0	-2809.3848284075057	8.164733064040425
2555000	-2802.147944174786	2301.0	-2810.455796154874	8.307851980087714
2556000	-2801.9312028427994	2302.0	-2809.3075106474403	7.376307804640755
2557000	-2802.252693260073	2303.0	-2809.449914349379	7.1972210893060495
2558000	-2803.6600517246984	2304.0	-2812.2222374947332	8.562185770034741
2559000	-2801.8089813282213	2304.0	-2810.1972126318906	8.38823130366913
2560000	-2802.6490552022906	2305.0	-2809.700612372084	7.051557169793534
2561000	-2802.6324760673124	2306.0	-2811.1026558162666	8.470179748954052
2562000	-2802.1633536636064	2307.0	-2809.986271345069	7.822917681462586
2563000	-2803.957789756073	2308.0	-2810.383335382985	6.42554562691225
2564000	-2800.5650835783167	2309.0	-2808.6453042507246	8.08022067240779
2565000	-2801.194532857996	2310.0	-2809.0253925012416	7.8308596432459
2566000	-2802.0627198529814	2311.0	-2810.5168387871527	8.454118934171223
2567000	-2802.547668711266	2312.0	-2809.125261657092	6.577592945826088
2568000	-2805.2971209323714	2313.0	-2812.4105294588444	7.113408526472833
2569000	-2801.607579207135	2313.0	-2809.9750855462325	8.367506339097284
2570000	-2801.3703330987487	2314.0	-2809.6333179063176	8.262984807568742
2571000	-2804.872414107012	2315.0	-2813.8530186577864	8.980604550774338
2572000	-2803.9034087816613	2316.0	-2810.8736519379527	6.9702431562916285
2573000	-2805.2414670332723	2317.0	-2813.143774800268	7.902307766995611
2574000	-2804.3767844326253	2318.0	-2812.945919061419	8.569134628793641
2575000	-2802.571402395992	2319.0	-2809.193562216186	6.62215982019371
2576000	-2806.1878400439377	2320.0	-2814.7680818198564	8.580241775918878
2577000	-2800.748525504841	2321.0	-2808.8553406768506	8.106815172009647
2578000	-2803.065812625788	2322.0	-2811.2459711597303	8.180158533942258
2579000	-2804.166831783733	2322.0	-2812.130236968597	7.9634051848637
2580000	-2802.024735423433	2323.0	-2810.151508259539	8.12677283610575
2581000	-2801.89101317699	2324.0	-2809.3654687125645	7.4744555355747435
2582000	-2802.688777247984	2325.0	-2810.9148512090287	8.226073961044486
2583000	-2805.2951125362442	2326.0	-2813.9438471720996	8.648734635855236
2584000	-2801.6032107428555	2327.0	-2809.783131059498	8.179920316642253
2585000	-2801.900827218338	2328.0	-2810.343691801751	8.442864583413023
2586000	-2802.9033097025494	2329.0	-2810.853442237554	7.950132535004569
2587000	-2804.9166202908195	2330.0	-2813.774154548237	8.857534257417685
2588000	-2807.05624119509	2331.0	-2814.0372981765004	6.981056981410548
2589000	-2803.211002908058	2331.0	-2809.6855947937515	6.474591885693467
2590000	-2803.4484778803244	2332.0	-2810.4742509286148	7.025773048290209
2591000	-2800.737885052655	2333.0	-2809.2246615923264	8.486776539671196
2592000	-2804.240268265855	2334.0	-2812.623097178995	8.382828913140113
2593000	-2803.6728413458923	2335.0	-2811.97277296124	8.299931615347617
2594000	-2803.8244525170758	2336.0	-2812.1551771680593	8.33072465098357
2595000	-2803.1755700508115	2337.0	-2811.74833501468	8.572764963868241
2596000	-2805.304405234323	2338.0	-2813.1240809409605	7.819675706637541
2597000	-2805.6925486218884	2339.0	-2813.169454445344	7.476905823455484
2598000	-2801.1601233214487	2340.0	-2809.390540273153	8.230416951704242
2599000	-2802.405208492932	2340.0	-2809.108424488696	6.7032159957640065
2600000	-2802.669237686199	2341.0	-2811.212955980871	8.543718294671867
2601000	-2802.7158494103187	2342.0	-2810.025990661828	7.310141251509323
2602000	-2802.5003862602352	2343.0	-2811.063751096842	8.563364836606963
2603000	-2804.3970542532384	2344.0	-2812.6113450133166	8.214290760078363
2604000	-2804.938353315798	2345.0	-2812.323154527835	7.384801212036944
2605000	-2800.937658581541	2346.0	-2809.2312986678758	8.29364008633462
2606000	-2805.1897527704295	2347.0	-2813.80421805755	8.614465287120117
2607000	-2806.097881174613	2348.0	-2811.9662157157823	5.868334541169304
2608000	-2803.389135465646	2349.0	-2810.2033109763047	6.814175510658503
2609000	-2802.023419327496	2349.0	-2809.6339841586223	7.610564831126261
2610000	-2803.291255091725	2350.0	-2811.627178689918	8.335923598193
2611000	-2805.854385202783	2351.0	-2814.4765157042652	8.62213050148253
2612000	-2803.276832577538	2352.0	-2810.885860196548	7.60902761901018
2613000	-2805.4504312570725	2353.0	-2813.770957786608	8.320526529535375
2614000	-2801.6007154487015	2354.0	-2809.666704026847	8.065988578145534
2615000	-2800.565775062812	2355.0	-2809.1392917189837	8.573516656171739
2616000	-2801.247315481355	2356.0	-2809.553926174809	8.306610693454036
2617000	-2801.393601117731	2357.0	-2810.054324805356	8.660723687624756
2618000	-2802.226240729245	2358.0	-2810.8633335513196	8.637092822074532
2619000	-2803.6495730128177	2358.0	-2811.4598453615313	7.8102723487134345
2620000	-2804.1622184709304	2359.0	-2812.0313379959402	7.869119525009934
2621000	-2801.7129008290467	2360.0	-2809.9235143445044	8.210613515457789
2622000	-2801.2468393145564	2361.0	-2809.826731247366	8.579891932809295
2623000	-2804.622189636105	2362.0	-2812.562189091087	7.939999454982143
2624000	-2802.4712144633486	2363.0	-2810.4624143247856	7.991199861437079
2625000	-2800.5527451275107	2364.0	-2808.792459688162	8.239714560651418
2626000	-2802.709964496598	2365.0	-2811.1631257621843	8.453161265586635
2627000	-2802.8579884465985	2366.0	-2811.0967384473884	8.238750000790068
2628000	-2803.0668720544445	2367.0	-2810.2509330313333	7.184060976888754
2629000	-2803.976562993546	2367.0	-2811.467298996431	7.49073600288531
2630000	-2800.495070944569	2368.0	-2808.825431912028	8.330360967458827
2631000	-2802.086356411449	2369.0	-2808.635862637666	6.549506226217255
2632000	-2804.8985153589215	2370.0	-2812.9857237097717	8.0872083508504
2633000	-2806.4893354397273	2371.0	-2814.7476176739924	8.258282234265147
2634000	-2801.860253498999	2372.0	-2809.863974166682	8.003720667683027
2635000	-2804.172305452733	2373.0	-2811.0948658414927	6.922560388759861
2636000	-2803.005920733845	2374.0	-2810.6106130046805	7.6046922708354785
2637000	-2800.504394246664	2375.0	-2809.096423294538	8.592029047873872
2638000	-2801.6955616341515	2376.0	-2809.7563982637444	8.060836629593023
2639000	-2804.636052921371	2376.0	-2812.6089442290295	7.972891307658258
2640000	-2802.211257458393	2377.0	-2809.0446071581805	6.833349699787501
2641000	-2803.6449529048878	2378.0	-2808.3969231216047	4.751970216717069
2642000	-2802.833828423825	2379.0	-2810.922619138427	8.08879071460212
2643000	-2801.6084142316245	2380.0	-2809.574561209786	7.96614697816195
2644000	-2802.8416900013426	2381.0	-2810.4434467243996	7.601756723056816
2645000	-2804.531795135254	2382.0	-2811.956677936049	7.42488280079505
2646000	-2806.738211883242	2383.0	-2813.5534737637067	6.815261880464604
2647000	-2802.6149397838767	2384.0	-2808.787701165058	6.1727613811813615
2648000	-2800.49140928678	2385.0	-2809.1256141251515	8.63420483837189
2649000	-2805.8312531324705	2385.0	-2813.3409759836227	7.509722851152227
2650000	-2805.3179692868466	2386.0	-2811.8638463603534	6.545877073506593
2651000	-2801.7929626804157	2387.0	-2809.330233252619	7.537270572203549
2652000	-2801.85768660799	2388.0	-2810.0307514037786	8.173064795788157
2653000	-2802.75454100358	2389.0	-2811.2190257943776	8.464484790797373
2654000	-2801.6279586767705	2390.0	-2809.482716489645	7.854757812874752
2655000	-2804.5529928037013	2391.0	-2812.368782700272	7.815789896570679
2656000	-2806.1219272944186	2392.0	-2813.0496560723113	6.927728777892909
2657000	-2800.844060390792	2393.0	-2809.1299239344708	8.285863543678914
2658000	-2805.3174904741654	2394.0	-2813.3277701888974	8.01027971473209
2659000	-2801.2834437534366	2394.0	-2809.071206843887	7.787763090450285
2660000	-2803.837638984315	2395.0	-2811.4523295440667	7.614690559751385
2661000	-2801.2223940216945	2396.0	-2809.581106494593	8.358712472898254
2662000	-2803.11052449924	2397.0	-2810.5520487660706	7.441524266830542
2663000	-2802.9343439585214	2398.0	-2811.7113481601905	8.777004201668946
2664000	-2802.916004393047	2399.0	-2811.428567922316	8.512563529268675
2665000	-2801.7243149759465	2400.0	-2809.828120046877	8.103805070930132
2666000	-2804.8673659173137	2401.0	-2812.456626746682	7.589260829368634
2667000	-2804.357245905592	2402.0	-2811.535051626707	7.177805721114994
2668000	-2805.6119643959414	2403.0	-2813.594823409739	7.982859013797802
2669000	-2801.3998363222468	2403.0	-2809.4806544903804	8.08081816813386
2670000	-2809.570800221444	2404.0	-2814.1062776082986	4.535477386854511
2671000	-2801.8211653097155	2405.0	-2810.3702708084847	8.549105498769165
2672000	-2805.3165994454134	2406.0	-2811.7217643947033	6.40516494928988
2673000	-2802.939705875313	2407.0	-2810.9142403758906	7.974534500577722
2674000	-2801.3392403616913	2408.0	-2809.284562887698	7.9453225260067
2675000	-2800.9071313251243	2409.0	-2809.476324874681	8.569193549556669
2676000	-2800.253154817888	2410.0	-2808.5961975666287	8.343042748740489
2677000	-2806.268963055029	2411.0	-2814.0522634053896	7.7833003503606095
2678000	-2801.6894824462343	2412.0	-2809.955214890978	8.26573244474374
2679000	-2803.425887293898	2412.0	-2811.00906564866	7.583178354761957
2680000	-2802.3884838423796	2413.0	-2810.7199020559065	8.331418213526657
2681000	-2804.8182791694835	2414.0	-2812.6891736800903	7.8708945106069566
2682000	-2800.9964516073037	2415.0	-2809.422024454664	8.42557284736037
2683000	-2802.212529902216	2416.0	-2810.535829499191	8.323299596975255
2684000	-2802.977239126962	2417.0	-2810.0542353965657	7.076996269603581
2685000	-2802.292143307754	2418.0	-2810.1239395971625	7.831796289408269
2686000	-2801.950940196747	2419.0	-2809.1540154194954	7.203075222748353
2687000	-2800.883463525835	2420.0	-2808.7834387066173	7.899975180782215
2688000	-2804.6484101743854	2421.0	-2811.2327173718886	6.584307197503168
2689000	-2802.7524402688805	2421.0	-2810.021955184034	7.269514915153863
2690000	-2800.4745961745457	2422.0	-2808.755837110216	8.281240935670134
2691000	-2805.7545034442232	2423.0	-2812.8181671529096	7.063663708686269
2692000	-2801.527809471446	2424.0	-2809.7205049731156	8.19269550166978
2693000	-2801.822606766712	2425.0	-2810.005120283964	8.18251351725204
2694000	-2801.684016715688	2426.0	-2809.04548569711	7.361468981422368
2695000	-2805.5140963401104	2427.0	-2813.417585677609	7.903489337498681
2696000	-2803.535696183935	2428.0	-2811.583334556797	8.047638372861927
2697000	-2801.7125881320226	2429.0	-2809.81118815745	8.098600025427476
2698000	-2801.7717608251787	2430.0	-2809.8821593601624	8.110398534983744
2699000	-2801.599836020476	2430.0	-2808.5255304903394	6.9256944698634975
2700000	-2803.392708328289	2431.0	-2810.7372744283366	7.3445661000479046
2701000	-2805.609002682282	2432.0	-2812.61946524898	7.010462566697674
2702000	-2801.4837066005302	2433.0	-2809.985624126197	8.501917525666492
2703000	-2804.0093694396955	2434.0	-2811.798820362582	7.789450922886506
2704000	-2805.341301452602	2435.0	-2812.8255912874497	7.484289834847953
2705000	-2804.7134780557353	2436.0	-2812.642456831612	7.928978775876687
2706000	-2803.6238613079677	2437.0	-2810.94110971386	7.317248405892231
2707000	-2803.464512436426	2438.0	-2811.553995111995	8.089482675569029
2708000	-2803.1542093860967	2439.0	-2811.175672029192	8.021462643095065
2709000	-2804.464882546504	2439.0	-2812.5706319167684	8.105749370264014
2710000	-2803.4615335892836	2440.0	-2811.583443942497	8.121910353213478
2711000	-2803.254616523533	2441.0	-2810.6087805382194	7.354164014686352
2712000	-2802.460640393634	2442.0	-2811.134628885062	8.673988491427535
2713000	-2801.5373956078006	2443.0	-2809.7078998878314	8.170504280030649
2714000	-2800.305440853603	2444.0	-2808.608834328036	8.303393474433054
2715000	-2802.5894098955637	2445.0	-2810.5403368165116	7.950926920948142
2716000	-2801.6244423452313	2446.0	-2810.032189004083	8.407746658852083
2717000	-2804.895636654484	2447.0	-2809.682921960315	4.787285305831105
2718000	-2802.907963005877	2448.0	-2811.1995011236804	8.291538117803384
2719000	-2806.451680778772	2448.0	-2814.435740006666	7.984059227894358
2720000	-2801.0996615613294	2449.0	-2809.608108079272	8.508446517942513
2721000	-2806.2920281680636	2450.0	-2812.0159028480966	5.723874680032997
2722000	-2801.2894072585354	2451.0	-2808.8832736649583	7.593866406422717
2723000	-2803.33404680667	2452.0	-2811.420393991176	8.08634718450603
2724000	-2801.9859613265307	2453.0	-2809.7369992702284	7.751037943697809
2725000	-2801.124112070866	2454.0	-2809.4458558460406	8.321743775174724
2726000	-2802.4543078013603	2455.0	-2808.841885216789	6.387577415428641
2727000	-2801.0648102468836	2456.0	-2808.9324724547	7.867662207816354
2728000	-2802.2614522193007	2457.0	-2810.360466981415	8.09901476211419
2729000	-2802.222787244594	2457.0	-2809.745553549548	7.522766304953718
2730000	-2806.3022001173376	2458.0	-2813.1584730747863	6.856272957448901
2731000	-2803.4921079616547	2459.0	-2809.9004015688893	6.408293607234425
2732000	-2800.751858460904	2460.0	-2809.0960192993116	8.344160838407692
2733000	-2804.7393736534054	2461.0	-2811.722180214373	6.982806560967728
2734000	-2803.2741070979023	2462.0	-2811.52390328818	8.24979619027782
2735000	-2802.5453724553404	2463.0	-2809.9446072082887	7.399234752948296
2736000	-2805.2136464738505	2464.0	-2812.522895850289	7.309249376438194
2737000	-2802.502367347927	2465.0	-2810.3863233757215	7.883956027794591
2738000	-2803.3464560251887	2466.0	-2811.839732396321	8.493276371132271
2739000	-2804.7860884974702	2466.0	-2812.0823856049956	7.296297107525329
2740000	-2803.0325650051077	2467.0	-2811.254438728971	8.221873723863325
2741000	-2805.697814888699	2468.0	-2813.4606031699786	7.762788281279513
2742000	-2801.7964855376626	2469.0	-2809.9721184911305	8.175632953467659
2743000	-2803.3773337090756	2470.0	-2809.7598483158363	6.38251460676066
2744000	-2803.933286638146	2471.0	-2812.365288467792	8.432001829646241
2745000	-2804.1477972359125	2472.0	-2811.0179124755423	6.870115239629689
2746000	-2801.464206899716	2473.0	-2809.301356619593	7.837149719877083
2747000	-2801.5245133529565	2474.0	-2809.9232668525674	8.398753499610947
2748000	-2801.864889772484	2475.0	-2810.358755741393	8.493865968909004
2749000	-2801.1463329291682	2475.0	-2809.37460174505	8.228268815881478
2750000	-2801.9809554756853	2476.0	-2810.5666925369765	8.58573706129121
2751000	-2802.7169202593846	2477.0	-2810.0238436615846	7.306923402199898
2752000	-2802.3298746961727	2478.0	-2811.178652526097	8.848777829924087
2753000	-2802.5291928250745	2479.0	-2809.280345790584	6.751152965509479
2754000	-2801.3601535700377	2480.0	-2809.872123935255	8.511970365217
2755000	-2801.4550253239886	2481.0	-2809.604144030226	8.14911870623768
2756000	-2805.0065579548304	2482.0	-2812.4545502100796	7.447992255249049
2757000	-2801.816020246852	2483.0	-2809.53358951429	7.717569267437526
2758000	-2800.7040397935953	2484.0	-2809.0146638192637	8.310624025668462
2759000	-2801.466853592859	2484.0	-2810.1858025182396	8.718948925380424
2760000	-2802.385719547638	2485.0	-2809.8761701314697	7.490450583831569
2761000	-2803.4448458037036	2486.0	-2811.5813157523744	8.136469948670634
2762000	-2800.961551875612	2487.0	-2809.1756164234303	8.214064547818609
2763000	-2808.241373457792	2488.0	-2815.952830361061	7.711456903268579
2764000	-2804.7535442441513	2489.0	-2812.3233716471364	7.569827402985265
2765000	-2801.1409752559675	2490.0	-2809.775043823745	8.634068567777536
2766000	-2805.5852694068285	2491.0	-2813.4627116281827	7.8774422213541015
2767000	-2807.5253515393933	2492.0	-2814.491905591599	6.96655405220538
2768000	-2805.610893251521	2493.0	-2813.465481554617	7.854588303096166
2769000	-2804.1495214592987	2493.0	-2812.5185284665727	8.369007007273755
2770000	-2800.746703871305	2494.0	-2809.1105987314304	8.363894860125658
2771000	-2802.7753611074954	2495.0	-2811.425231631184	8.649870523688715
2772000	-2805.4920775349638	2496.0	-2814.164890046424	8.67281251146001
2773000	-2807.7612948929896	2497.0	-2812.523210063043	4.761915170053378
2774000	-2802.1319827934913	2498.0	-2809.825550365271	7.693567571779648
2775000	-2802.4949038287627	2499.0	-2810.446277530893	7.951373702130366
2776000	-2803.675738775488	2500.0	-2811.6078098356093	7.932071060121566
2777000	-2800.597985680709	2501.0	-2808.899075276627	8.301089595918173
2778000	-2800.8721173533104	2502.0	-2809.0595341922763	8.18741683896587
2779000	-2806.090467846644	2502.0	-2813.3174042886126	7.226936441968342
2780000	-2804.5266679433544	2503.0	-2812.4834106541675	7.956742710813261
2781000	-2803.2949035804	2504.0	-2810.8065814125894	7.511677832189402
2782000	-2802.394286090772	2505.0	-2810.07617092122	7.681884830448524
2783000	-2800.2906328914733	2506.0	-2808.5804987424613	8.289865850987784
2784000	-2802.169809724019	2507.0	-2808.9932273858685	6.823417661849164
2785000	-2801.1664964431593	2508.0	-2809.4454534559572	8.278957012798152
2786000	-2807.6812848408963	2509.0	-2813.0109954554346	5.32971061453841
2787000	-2805.6736632311167	2510.0	-2812.549378312473	6.875715081356175
2788000	-2802.6109480985083	2511.0	-2810.893949146112	8.283001047603534
2789000	-2802.5355290190128	2511.0	-2810.5932756710667	8.05774665205383
2790000	-2802.788068781024	2512.0	-2810.7857504411377	7.9976816601139085
2791000	-2803.522373148609	2513.0	-2811.7971395032964	8.274766354687346
2792000	-2801.9486714990558	2514.0	-2809.938017005793	7.989345506737207
2793000	-2806.3249215456567	2515.0	-2815.5306125463376	9.205691000680785
2794000	-2802.213351606958	2516.0	-2810.2328698652886	8.019518258330876
2795000	-2803.13697020809	2517.0	-2810.8893931843695	7.752422976279341
2796000	-2800.4876185447697	2518.0	-2809.106359688606	8.618741143836196
2797000	-2803.550093440279	2519.0	-2811.7681260966074	8.218032656328598
2798000	-2804.4434099631153	2520.0	-2812.091508062064	7.648098098948413
2799000	-2800.879955368031	2520.0	-2809.2102109301964	8.33025556216557
2800000	-2804.696229619684	2521.0	-2812.828198336216	8.131968716531816
2801000	-2802.5758872916836	2522.0	-2809.4343447262677	6.8584574345842455
2802000	-2802.2117477367633	2523.0	-2810.0027614462433	7.791013709480072
2803000	-2801.6002357878256	2524.0	-2809.4267256819703	7.826489894144852
2804000	-2802.004325156352	2525.0	-2810.41654763351	8.412222477158352
2805000	-2801.5393099700677	2526.0	-2809.8194839615167	8.280173991448924
2806000	-2805.7810012869513	2527.0	-2811.0853068318493	5.304305544898039
2807000	-2801.9438086609134	2528.0	-2809.6727887442466	7.7289800833331554
2808000	-2801.1129238519843	2529.0	-2809.6634078863794	8.550484034395346
2809000	-2800.182222910307	2529.0	-2808.6095085783545	8.427285668047613
2810000	-2805.346335969792	2530.0	-2812.6625511163384	7.316215146546205
2811000	-2800.624800546074	2531.0	-2808.6443761131127	8.019575567039041
2812000	-2801.5089030608233	2532.0	-2809.529215306809	8.020312245985677
2813000	-2805.410289022331	2533.0	-2812.3649627833206	6.954673760989417
2814000	-2802.77572485712	2534.0	-2810.1944743733548	7.4187495162343655
2815000	-2800.696207272549	2535.0	-2808.879048268926	8.18284099637666
2816000	-2804.1103145113793	2536.0	-2812.5052970072857	8.394982495906415
2817000	-2801.600770255661	2537.0	-2809.95675776387	8.355987508209065
2818000	-2801.537328335974	2538.0	-2809.998851794993	8.46152345901859
2819000	-2805.0873075743325	2538.0	-2811.7597398723256	6.672432297993073
2820000	-2806.5154495640013	2539.0	-2814.8489174670685	8.333467903067062
2821000	-2801.8158780809817	2540.0	-2810.1413963354644	8.325518254482635
2822000	-2800.2465066384225	2541.0	-2808.496868983994	8.25036234557132
2823000	-2800.650445233289	2542.0	-2808.8385615706406	8.188116337352026
2824000	-2801.3920220029663	2543.0	-2808.7431688330867	7.351146830120316
2825000	-2808.8946134205444	2544.0	-2814.652350643498	5.75773722295366
2826000	-2803.635025384258	2545.0	-2812.031494442502	8.396469058244246
2827000	-2801.4702215600673	2546.0	-2809.563594841216	8.093373281148404
2828000	-2802.979579535878	2547.0	-2811.167279276311	8.187699740433002
2829000	-2803.477240947113	2547.0	-2810.6852469716014	7.208006024488569
2830000	-2802.828476535644	2548.0	-2810.374169307295	7.54569277165082
2831000	-2804.233661133408	2549.0	-2812.3265430987794	8.092881965371179
2832000	-2803.294593701338	2550.0	-2811.82337438803	8.528780686692073
2833000	-2801.74446846859	2551.0	-2809.7332666064945	7.988798137904435
2834000	-2804.9703478556285	2552.0	-2812.8469942445063	7.87664638887764
2835000	-2802.5338386508	2553.0	-2810.7544163890725	8.220577738272492
2836000	-2802.753156110011	2554.0	-2810.469890971381	7.716734861370027
2837000	-2800.6718171172165	2555.0	-2808.712357197959	8.040540080742755
2838000	-2801.479331381664	2556.0	-2809.2440751903923	7.764743808728394
2839000	-2801.4249125158844	2556.0	-2808.982267029528	7.557354513643746
2840000	-2806.2145826711862	2557.0	-2813.825618762337	7.611036091150606
2841000	-2801.4505204672355	2558.0	-2809.1952672663842	7.744746799148622
2842000	-2801.498565808795	2559.0	-2809.6874953768197	8.188929568024639
2843000	-2802.2050528893096	2560.0	-2809.695365062105	7.4903121727951785
2844000	-2801.1553120038325	2561.0	-2808.9280664335097	7.772754429677172
2845000	-2802.471846901008	2562.0	-2810.505723972596	8.033877071588115
2846000	-2801.5177517320976	2563.0	-2810.2143407354138	8.696589003316156
2847000	-2802.3249351144923	2564.0	-2810.1378003400146	7.812865225522172
2848000	-2803.412985920496	2565.0	-2811.451671172719	8.038685252223324
2849000	-2802.5715486762983	2565.0	-2810.7024882963283	8.130939620029903
2850000	-2800.846128694731	2566.0	-2809.2729519609466	8.426823266215653
2851000	-2802.873081553799	2567.0	-2810.9672624572113	8.094180903412372
2852000	-2806.7593400837127	2568.0	-2814.3903023504936	7.630962266780927
2853000	-2801.0876804047225	2569.0	-2809.4270626118964	8.339382207174058
2854000	-2802.177910028934	2570.0	-2810.0459242498387	7.8680142209044295
2855000	-2803.4367632067047	2571.0	-2810.2546506672147	6.817887460510196
2856000	-2803.3912561268367	2572.0	-2810.956405685552	7.565149558715211
2857000	-2800.9926261565715	2573.0	-2809.600191177737	8.607565021165346
2858000	-2801.5933413620105	2574.0	-2809.6513315234906	8.057990161480186
2859000	-2803.070802469817	2574.0	-2811.5448422896015	8.47403981978477
2860000	-2801.052584296133	2575.0	-2808.963950961773	7.911366665640452
2861000	-2802.513981649769	2576.0	-2810.7606079536863	8.246626303917289
2862000	-2801.1786298651928	2577.0	-2809.2108749607332	8.032245095540272
2863000	-2804.16319547045	2578.0	-2811.505155513463	7.341960043012805
2864000	-2804.7031792026405	2579.0	-2812.628105107001	7.924925904360469
2865000	-2802.479650443794	2580.0	-2810.8074622435297	8.327811799735436
2866000	-2802.504557286006	2581.0	-2811.208086176856	8.703528890849915
2867000	-2802.6642529241667	2582.0	-2810.516504878296	7.852251954129536
2868000	-2801.5682134264093	2583.0	-2810.283682064856	8.71546863844655
2869000	-2803.205333491482	2583.0	-2810.8295892842316	7.62425579274924
2870000	-2803.119112777028	2584.0	-2809.4746605578875	6.3555477808596175
2871000	-2803.2714814012384	2585.0	-2811.1660039101357	7.89452250889725
2872000	-2801.043537799486	2586.0	-2809.1504130557832	8.106875256297464
2873000	-2801.566072363656	2587.0	-2809.785761999305	8.219689635649045
2874000	-2801.271421403374	2588.0	-2810.017049915709	8.74562851233493
2875000	-2801.4941779638384	2589.0	-2809.6603982159218	8.1662202520834
2876000	-2811.2855163915856	2590.0	-2817.5915229221787	6.306006530593274
2877000	-2800.942902623742	2591.0	-2809.131560842369	8.188658218626642
2878000	-2802.918756915177	2592.0	-2811.5293777394063	8.610620824229724
2879000	-2803.9988437753054	2592.0	-2812.685184969102	8.686341193796673
2880000	-2802.728890703094	2593.0	-2811.1080204009386	8.379129697844611
2881000	-2801.621361046671	2594.0	-2809.6326977290787	8.011336682407387
2882000	-2803.215917989512	2595.0	-2811.9227472960147	8.706829306502591
2883000	-2802.8943954096644	2596.0	-2811.230214986758	8.335819577093602
2884000	-2804.6023027216916	2597.0	-2811.714601879259	7.112299157567614
2885000	-2801.3314839793115	2598.0	-2809.8344801268977	8.502996147586313
2886000	-2803.8956447290975	2599.0	-2811.3964576267444	7.500812897646908
2887000	-2804.9201818299457	2600.0	-2812.6419025476703	7.721720717724729
2888000	-2800.895412249908	2601.0	-2809.2752131092375	8.379800859329379
2889000	-2802.996954100768	2601.0	-2811.113797429041	8.116843328272882
2890000	-2802.5040332958006	2602.0	-2810.456403285112	7.95236998931181
2891000	-2804.2527426259207	2603.0	-2811.716742314453	7.463999688532051
2892000	-2803.8481230390644	2604.0	-2811.9015425379457	8.053419498881464
2893000	-2800.791804185293	2605.0	-2809.1695371088945	8.377732923601162
2894000	-2801.2017640883105	2606.0	-2809.207277265312	8.005513177001568
2895000	-2804.6007763982684	2607.0	-2812.3563938848683	7.755617486600095
2896000	-2802.568870724516	2608.0	-2810.6308628144216	8.06199208990568
2897000	-2806.57456019173	2609.0	-2813.8953464555607	7.32078626383075
2898000	-2802.710371759353	2610.0	-2811.1825222527245	8.472150493371375
2899000	-2804.0746163796184	2610.0	-2811.8131952622166	7.738578882598169
2900000	-2806.281529778071	2611.0	-2813.594826792597	7.313297014525703
2901000	-2803.1022466218596	2612.0	-2811.115605813388	8.013359191528384
2902000	-2801.545806540865	2613.0	-2809.482326879639	7.936520338773742
2903000	-2802.3638306477237	2614.0	-2810.8957894642763	8.531958816552493
2904000	-2802.389458313162	2615.0	-2810.467654722807	8.078196409645138
2905000	-2801.7318878854735	2616.0	-2809.5338997435374	7.802011858063949
2906000	-2801.516447322935	2617.0	-2809.4462395662076	7.929792243272645
2907000	-2803.1455600804943	2618.0	-2811.4069923539114	8.261432273416991
2908000	-2800.792755234878	2619.0	-2808.5718842710394	7.779129036161658
2909000	-2808.48334917339	2619.0	-2815.337782190384	6.8544330169944025
2910000	-2800.3104726192396	2620.0	-2808.830795873504	8.520323254264387
2911000	-2801.186504230175	2621.0	-2809.1101374814602	7.923633251285038
2912000	-2803.628575391286	2622.0	-2811.564755235664	7.936179844378061
2913000	-2805.7379154366436	2623.0	-2813.5320592415596	7.794143804916027
2914000	-2801.8800328419775	2624.0	-2810.219582737299	8.339549895321609
2915000	-2801.5174673373617	2625.0	-2809.2172853968646	7.699818059502874
2916000	-2801.8825340718845	2626.0	-2810.086022243096	8.203488171211518
2917000	-2802.0286946938563	2627.0	-2809.813003069843	7.784308375986881
2918000	-2808.2718847546535	2628.0	-2814.817644736448	6.545759981794502
2919000	-2802.164583545201	2628.0	-2810.5998297609294	8.435246215728633
2920000	-2802.9388500949954	2629.0	-2811.1432668889165	8.204416793921188
2921000	-2801.8200683884534	2630.0	-2810.400416234649	8.580347846195632
2922000	-2801.53467140666	2631.0	-2810.3577473809455	8.823075974285345
2923000	-2803.716071113305	2632.0	-2812.5375383831442	8.821467269839047
2924000	-2801.259488056077	2633.0	-2809.5593209792337	8.299832923156968
2925000	-2802.725230828722	2634.0	-2810.072461369395	7.3472305406731735
2926000	-2803.7515042551263	2635.0	-2812.1769501541858	8.4254458990595
2927000	-2802.7984636812953	2636.0	-2810.7685019531255	7.9700382718301235
2928000	-2801.049902636445	2637.0	-2809.018921367206	7.969018730761256
2929000	-2802.0515372710433	2637.0	-2809.53601230061	7.484475029566299
2930000	-2805.1983964648543	2638.0	-2812.1374569544955	6.939060489641126
2931000	-2805.0336732522287	2639.0	-2812.1826540776815	7.14898082545286
2932000	-2803.477322171513	2640.0	-2809.8997137970036	6.422391625490299
2933000	-2802.2227543560684	2641.0	-2809.9301827675067	7.707428411438358
2934000	-2803.0668805948317	2642.0	-2811.4713811689785	8.404500574146683
2935000	-2800.618041397318	2643.0	-2808.68862859445	8.070587197132014
2936000	-2801.1088748160605	2644.0	-2809.13173985762	8.022865041559331
2937000	-2803.080503710532	2645.0	-2810.8679605615944	7.787456851062618
2938000	-2803.612540691361	2646.0	-2811.9491664885873	8.33662579722635
2939000	-2803.1427597437737	2646.0	-2811.1690065786906	8.02624683491688
2940000	-2802.2607438033533	2647.0	-2810.6076163980556	8.346872594702507
2941000	-2802.039018295347	2648.0	-2809.829130140859	7.790111845512126
2942000	-2803.50053247552	2649.0	-2811.111401109941	7.6108686344212595
2943000	-2803.2092387734224	2650.0	-2811.8757643887056	8.666525615283424
2944000	-2806.676086312619	2651.0	-2812.7697085056293	6.093622193010112
2945000	-2803.969535863427	2652.0	-2811.840157838144	7.870621974716992
2946000	-2804.088532547931	2653.0	-2811.1296211583476	7.041088610416514
2947000	-2804.9766280475956	2654.0	-2812.687058050304	7.710430002708588
2948000	-2802.787809385279	2655.0	-2810.0164282954674	7.228618910188504
2949000	-2801.9308615942487	2655.0	-2809.9777675423607	8.046905948111933
2950000	-2801.3044616034367	2656.0	-2810.0388824925867	8.734420889150154
2951000	-2802.0686681001303	2657.0	-2809.842024697827	7.77335659769704
2952000	-2802.0513890825446	2658.0	-2810.4074492070267	8.356060124481948
2953000	-2802.243073323712	2659.0	-2810.224186493131	7.981113169419305
2954000	-2801.7048222755034	2660.0	-2809.539052291117	7.834230015613776
2955000	-2804.3141120796204	2661.0	-2812.3231472092657	8.009035129645216
2956000	-2803.800357418826	2662.0	-2811.1422095254147	7.3418521065885445
2957000	-2802.6412377000397	2663.0	-2810.297105634935	7.655867934895674
2958000	-2800.95775099086	2664.0	-2809.158682165095	8.200931174234817
2959000	-2801.347441519608	2664.0	-2809.4009048208964	8.053463301288305
2960000	-2801.5895695223803	2665.0	-2809.6634885051994	8.073918982819219
2961000	-2802.155119619427	2666.0	-2810.448026010115	8.292906390688144
2962000	-2800.580200082114	2667.0	-2808.6420754569217	8.06187537480743
2963000	-2805.2595409941396	2668.0	-2812.5610095808306	7.301468586691133
2964000	-2802.959368833694	2669.0	-2810.7728295348743	7.8134607011801895
2965000	-2802.113446883823	2670.0	-2809.7365330323964	7.623086148573492
2966000	-2805.788738939174	2671.0	-2813.8775527857156	8.08881384654159
2967000	-2802.9180862450075	2672.0	-2811.239993060992	8.321906815984683
2968000	-2802.0024604508044	2673.0	-2809.890856708007	7.888396257202842
2969000	-2801.6662043910273	2673.0	-2809.7798005342615	8.113596143233991
2970000	-2802.747553654437	2674.0	-2810.8192675311643	8.071713876727383
2971000	-2801.5624165353356	2675.0	-2809.5297091529983	7.967292617662501
2972000	-2802.0871304350812	2676.0	-2809.9396402274247	7.852509792343279
2973000	-2800.456943423797	2677.0	-2808.786212935167	8.329269511369844
2974000	-2803.014108972388	2678.0	-2811.9561342199154	8.942025247527553
2975000	-2803.8717663752	2679.0	-2811.6696641942426	7.797897819042632
2976000	-2802.101764138591	2680.0	-2809.763179714706	7.661415576114836
2977000	-2800.7238074678226	2681.0	-2808.8889845519416	8.165177084119051
2978000	-2802.2045878326894	2682.0	-2810.5000201836183	8.295432350928987
2979000	-2802.745170395983	2682.0	-2811.5340010527307	8.788830656747669
2980000	-2801.7902039655246	2683.0	-2809.9271368021514	8.136932836626556
2981000	-2804.039969544286	2684.0	-2810.821314065757	6.781344521471215
2982000	-2800.925773137808	2685.0	-2808.7974063655233	7.871633227715389
2983000	-2806.2544105047764	2686.0	-2813.341345127354	7.086934622577584
2984000	-2801.5600504998465	2687.0	-2810.281886734189	8.721836234342224
2985000	-2802.2402302681758	2688.0	-2810.414496028542	8.174265760366245
2986000	-2803.4290103628277	2689.0	-2810.1092379709135	6.680227608085869
2987000	-2803.6518506385883	2690.0	-2810.505051923812	6.853201285223885
2988000	-2804.1065853049536	2691.0	-2811.2700962919525	7.163510986999068
2989000	-2802.6702142245695	2691.0	-2810.5212661072846	7.8510518827149784
2990000	-2803.033399205868	2692.0	-2811.1087939344106	8.075394728542427
2991000	-2804.2724206829384	2693.0	-2811.0056003586405	6.733179675702141
2992000	-2801.834830087093	2694.0	-2809.406321897597	7.571491810503995
2993000	-2801.073414920621	2695.0	-2808.889172847312	7.815757926690703
2994000	-2802.9743954898327	2696.0	-2811.7204256545024	8.746030164669639
2995000	-2802.37576757443	2697.0	-2810.5636515695605	8.18788399513043
2996000	-2802.7813574945617	2698.0	-2809.8148872448937	7.033529750332128
2997000	-2802.884323374092	2699.0	-2809.750080236309	6.865756862216741
2998000	-2805.740600619777	2700.0	-2813.180348089445	7.4397474696678705
2999000	-2803.2867030623843	2700.0	-2811.921081819599	8.63437875721474
3000000	-2801.508669271965	2701.0	-2810.084898120132	8.5762288481671
3001000	-2804.3637435872024	2702.0	-2812.6080450906297	8.244301503427112
3002000	-2802.7432381811345	2703.0	-2811.1162774208415	8.373039239706735
3003000	-2805.938983262374	2704.0	-2813.768735618368	7.829752355993643
3004000	-2803.3204661795057	2705.0	-2811.446158640893	8.125692461387192
3005000	-2805.8439176427555	2706.0	-2814.6369592593232	8.793041616567857
3006000	-2806.0892985849637	2707.0	-2812.644752010226	6.555453425262513
3007000	-2804.819602695223	2708.0	-2812.936093453696	8.116490758473068
3008000	-2807.633425496663	2709.0	-2815.6193721364566	7.985946639793435
3009000	-2807.9548031768945	2709.0	-2813.4604910506255	5.505687873730793
3010000	-2805.9180576916833	2710.0	-2814.1492274494617	8.231169757778524
3011000	-2801.6406525629477	2711.0	-2809.8721587259697	8.231506163021809
3012000	-2801.111126199557	2712.0	-2808.789531287355	7.678405087797963
3013000	-2801.267613833896	2713.0	-2809.579287209941	8.311673376044661
3014000	-2801.849749628407	2714.0	-2809.934050353515	8.08430072510779
3015000	-2803.704451807688	2715.0	-2811.1183386941084	7.413886886420152
3016000	-2801.2224353859883	2716.0	-2809.6473933980506	8.424958012062305
3017000	-2801.5957042884993	2717.0	-2809.7549840725956	8.159279784096322
3018000	-2802.296428101797	2718.0	-2810.120428770486	7.824000668688889
3019000	-2803.5542085055745	2718.0	-2811.6937342169167	8.139525711342044
3020000	-2808.4156392162504	2719.0	-2815.0055745775844	6.589935361333929
3021000	-2801.2753647129784	2720.0	-2809.3977882428694	8.122423529890774
3022000	-2801.6231841073322	2721.0	-2810.123265785666	8.500081678333455
3023000	-2802.698267726735	2722.0	-2810.6816709488	7.98340322206452
3024000	-2802.792006519674	2723.0	-2811.3812665947935	8.58926007511931
3025000	-2806.313188288978	2724.0	-2812.8538205653153	6.540632276337632
3026000	-2803.578528608849	2725.0	-2811.9508192516732	8.372290642824234
3027000	-2803.3072281766595	2726.0	-2809.9228002926347	6.61557211597548
3028000	-2803.0380780786727	2727.0	-2809.9911227223793	6.953044643706346
3029000	-2803.121341552313	2727.0	-2811.4741158873467	8.352774335033878
3030000	-2804.4195950697485	2728.0	-2812.01734585641	7.597750786661284
3031000	-2801.605049656079	2729.0	-2808.422773265605	6.817723609526343
3032000	-2800.749684098874	2730.0	-2808.6053266484964	7.855642549622763
3033000	-2801.4678138953477	2731.0	-2810.0331490673716	8.56533517202387
3034000	-2803.143208784591	2732.0	-2811.9764078041985	8.833199019607266
3035000	-2805.84556344508	2733.0	-2814.064876740703	8.219313295622664
3036000	-2801.464925349748	2734.0	-2809.6289826728885	8.16405732314088
3037000	-2802.097552869326	2735.0	-2809.4472154902282	7.349662620902059
3038000	-2802.623249865203	2736.0	-2809.3141771103856	6.690927245182424
3039000	-2807.443072785298	2736.0	-2810.377591972104	2.934519186805389
3040000	-2802.2022828120907	2737.0	-2810.4348551338226	8.23257232173178
3041000	-2801.968130253134	2738.0	-2809.8952250200728	7.927094766938967
3042000	-2800.50643991523	2739.0	-2808.9707557013544	8.464315786124317
3043000	-2804.182604214947	2740.0	-2811.9695442474435	7.786940032496853
3044000	-2803.7836934666025	2741.0	-2810.7550040873593	6.971310620756986
3045000	-2802.5402453885617	2742.0	-2809.815205491897	7.274960103335064
3046000	-2801.8065471652603	2743.0	-2809.563871269334	7.757324104073572
3047000	-2802.5400096600783	2744.0	-2810.8262345619432	8.286224901864774
3048000	-2802.6835326330956	2745.0	-2811.009751430961	8.326218797865351
3049000	-2805.53199139446	2745.0	-2813.5494322777054	8.017440883245188
3050000	-2801.6574023559738	2746.0	-2810.116135622734	8.458733266760369
3051000	-2805.008081432451	2747.0	-2813.5381815874844	8.530100155033104
3052000	-2803.228979660135	2748.0	-2810.850706982535	7.6217273224000035
3053000	-2803.3761831298198	2749.0	-2811.721349200104	8.345166070284309
3054000	-2803.474881085856	2750.0	-2811.3904990882693	7.915618002413316
3055000	-2801.8894447750913	2751.0	-2809.8740819546556	7.984637179564366
3056000	-2803.190262754156	2752.0	-2811.554290710747	8.364027956591162
3057000	-2800.622778229316	2753.0	-2809.122453669495	8.499675440179061
3058000	-2803.5507704153774	2754.0	-2811.4288459119316	7.878075496554352
3059000	-2801.588684847969	2754.0	-2809.554208871683	7.965524023713806
3060000	-2800.769589806341	2755.0	-2809.066094133176	8.296504326835029
3061000	-2801.878973033109	2756.0	-2810.3680666066225	8.489093573513454
3062000	-2803.2552032479894	2757.0	-2811.430581247549	8.17537799955976
3063000	-2801.8952842388726	2758.0	-2809.6402011510577	7.744916912184965
3064000	-2802.344651014201	2759.0	-2810.806322812065	8.461671797863877
3065000	-2803.3049061212655	2760.0	-2811.3648256463066	8.059919525041082
3066000	-2800.956987319765	2761.0	-2809.085931110769	8.128943791003804
3067000	-2801.4502312683867	2762.0	-2809.8484861398424	8.398254871455919
3068000	-2801.3904808621655	2763.0	-2809.809395087238	8.418914225072697
3069000	-2802.745615486437	2763.0	-2810.9238481456637	8.178232659226346
3070000	-2801.342073107767	2764.0	-2809.7655449468366	8.423471839069274
3071000	-2803.164373879678	2765.0	-2810.7383901114936	7.57401623181577
3072000	-2801.4017649430643	2766.0	-2809.835481982778	8.43371703971367
3073000	-2804.4086529203078	2767.0	-2811.917538495864	7.508885575556159
3074000	-2801.7775172673314	2768.0	-2809.835231695514	8.057714428182319
3075000	-2802.2200039375316	2769.0	-2810.6182817351296	8.398277797598052
3076000	-2801.6892823915846	2770.0	-2810.145262269067	8.455979877482463
3077000	-2801.6257297681886	2771.0	-2809.1199687451485	7.494238976960018
3078000	-2801.5933725152954	2772.0	-2808.8018481789513	7.208475663655758
3079000	-2802.262546936151	2772.0	-2810.289070066547	8.026523130396221
3080000	-2802.1454446228176	2773.0	-2810.096302591162	7.950857968344139
3081000	-2802.565942697571	2774.0	-2809.30664262919	6.740699931618884
3082000	-2806.0125906290277	2775.0	-2811.8380790849897	5.825488455961779
3083000	-2801.2492568224543	2776.0	-2809.580252444911	8.330995622456683
3084000	-2802.051373123582	2777.0	-2810.0186236327627	7.967250509180578
3085000	-2801.309241301225	2778.0	-2809.896949435708	8.587708134482755
3086000	-2803.901726476887	2779.0	-2812.309203805558	8.407477328671218
3087000	-2802.8246800011157	2780.0	-2811.134442056887	8.30976205577143
3088000	-2801.8625072136606	2781.0	-2809.087853878129	7.2253466644682245
3089000	-2804.123252423695	2781.0	-2812.281023497756	8.157771074061394
3090000	-2804.54507832334	2782.0	-2810.7836679135858	6.238589590245711
3091000	-2804.0936110386892	2783.0	-2812.3816339395307	8.288022900841291
3092000	-2802.6399207269883	2784.0	-2810.0621332757705	7.422212548782187
3093000	-2802.607295128082	2785.0	-2810.253278123155	7.645982995072778
3094000	-2802.9234877259764	2786.0	-2811.8707637403595	8.947276014382945
3095000	-2809.4743713700573	2787.0	-2817.100526413251	7.626155043193859
3096000	-2804.876937717705	2788.0	-2811.949011840644	7.072074122938919
3097000	-2802.538024381507	2789.0	-2811.2660491981865	8.728024816679472
3098000	-2803.9608281945316	2790.0	-2812.59202412733	8.63119593279855
3099000	-2804.4575901157773	2790.0	-2812.803291884411	8.345701768633825
3100000	-2801.6221919449554	2791.0	-2809.675212422323	8.053020477367713
3101000	-2808.119125972921	2792.0	-2815.120790359551	7.001664386629785
3102000	-2804.835440943574	2793.0	-2812.617127091863	7.781686148288964
3103000	-2803.7226645222886	2794.0	-2811.1953043782028	7.472639855914319
3104000	-2800.9014103144377	2795.0	-2809.0986425468795	8.19723223244168
3105000	-2802.4995183120986	2796.0	-2810.6699104550125	8.170392142914057
3106000	-2802.6742609285984	2797.0	-2811.093983579395	8.419722650796675
3107000	-2802.4010626834433	2798.0	-2810.8783451318145	8.47728244837101
3108000	-2800.7297752451523	2799.0	-2809.0198315817925	8.2900563366401
3109000	-2802.406463089277	2799.0	-2810.549763853381	8.143300764104179
3110000	-2803.2405438302308	2800.0	-2810.3212974328853	7.0807536026546005
3111000	-2801.421358665957	2801.0	-2809.8195690215753	8.398210355617996
3112000	-2804.5994636389282	2802.0	-2812.94718201572	8.347718376791804
3113000	-2801.4109720684582	2803.0	-2809.563697435832	8.152725367374027
3114000	-2801.626711783116	2804.0	-2810.1722658191707	8.545554036054433
3115000	-2803.775667852197	2805.0	-2811.5823277166096	7.806659864412591
3116000	-2805.375410136068	2806.0	-2813.9522720288755	8.576861892807853
3117000	-2800.519545527544	2807.0	-2808.823029598735	8.303484071191356
3118000	-2801.5991139833286	2808.0	-2808.64155250911	7.042438525781666
3119000	-2807.970914659217	2808.0	-2815.7532409505015	7.782326291284483
3120000	-2806.7359867365217	2809.0	-2813.1511703439505	6.415183607429068
3121000	-2801.036803070738	2810.0	-2808.9868720576696	7.950068986931503
3122000	-2802.772643326866	2811.0	-2810.7484374662467	7.975794139380988
3123000	-2800.8588235283123	2812.0	-2809.1964218976054	8.337598369293323
3124000	-2804.2827627394827	2813.0	-2812.774283414835	8.491520675352032
3125000	-2801.3364101404045	2814.0	-2809.409220800967	8.072810660562588
3126000	-2800.6735462946376	2815.0	-2808.833595099314	8.160048804676578
3127000	-2804.2595792741026	2816.0	-2811.4282896570962	7.168710382993764
3128000	-2800.5489607606296	2817.0	-2809.164382590746	8.61542183011643
3129000	-2803.531373621421	2817.0	-2811.5534946041307	8.022120982709598
3130000	-2803.5985233230185	2818.0	-2810.4342079068883	6.835684583869636
3131000	-2805.742111763455	2819.0	-2814.4642384724284	8.722126708973299
3132000	-2801.8657001549673	2820.0	-2810.083838574239	8.218138419271675
3133000	-2800.836029943093	2821.0	-2809.1199309510725	8.283901007979734
3134000	-2803.308598305968	2822.0	-2810.680159041269	7.371560735300694
3135000	-2806.4740674341997	2823.0	-2814.153728396101	7.679660961901186
3136000	-2802.133979962523	2824.0	-2810.6199239414595	8.48594397893672
3137000	-2803.2282913658023	2825.0	-2811.249424332871	8.02113296706864
3138000	-2803.332961087361	2826.0	-2811.282093156561	7.94913206920013
3139000	-2800.76258367474	2826.0	-2809.1079365440382	8.345352869298026
3140000	-2802.911812748941	2827.0	-2811.1916299828517	8.27981723391055
3141000	-2802.3019080563968	2828.0	-2810.0030408445214	7.7011327881246325
3142000	-2802.4129337710447	2829.0	-2810.7091899947377	8.296256223693103
3143000	-2803.1007228272783	2830.0	-2810.806058267156	7.705335439877586
3144000	-2802.144198370215	2831.0	-2809.4336589016525	7.289460531437687
3145000	-2802.6507998843294	2832.0	-2810.212800592606	7.562000708276782
3146000	-2802.652771818611	2833.0	-2810.8025217667855	8.149749948174431
3147000	-2802.6511855723397	2834.0	-2808.6740805041013	6.02289493176141
3148000	-2803.183127590384	2835.0	-2810.1558591666517	6.972731576267665
3149000	-2801.6583889146436	2835.0	-2809.6086919084582	7.950302993814663
3150000	-2803.5935899714777	2836.0	-2811.0798174835304	7.486227512052707
3151000	-2803.1284045270963	2837.0	-2811.137950014549	8.009545487452444
3152000	-2803.7246080365703	2838.0	-2812.305338592073	8.58073055550276
3153000	-2806.017534583072	2839.0	-2811.4801268379933	5.462592254921425
3154000	-2801.883556798617	2840.0	-2810.2347224335085	8.351165634891428
3155000	-2804.4538547788657	2841.0	-2812.202160481642	7.748305702776116
3156000	-2802.3178834976256	2842.0	-2810.2468165397686	7.928933042142875
3157000	-2804.173237666933	2843.0	-2811.000984512213	6.827746845280293
3158000	-2803.536879895378	2844.0	-2811.2331011649376	7.696221269559505
3159000	-2802.7198646424436	2844.0	-2810.8977995677205	8.177934925276876
3160000	-2802.804296691973	2845.0	-2810.502986381727	7.69868968975418
3161000	-2801.372108210732	2846.0	-2809.9510852134154	8.57897700268314
3162000	-2802.4706046682513	2847.0	-2809.710854109882	7.2402494416306356
3163000	-2802.19313821307	2848.0	-2810.3013433312935	8.108205118223479
3164000	-2801.422054923958	2849.0	-2809.8471634977427	8.425108573784566
3165000	-2802.028439281097	2850.0	-2810.6901926246987	8.661753343602113
3166000	-2801.6770061399648	2851.0	-2809.5858931759917	7.908887036026769
3167000	-2806.069158150275	2852.0	-2811.6005747943213	5.531416644046219
3168000	-2806.995588692458	2853.0	-2814.8116496603684	7.816060967910369
3169000	-2801.095378357929	2853.0	-2809.786817474038	8.691439116108828
3170000	-2803.8264244387947	2854.0	-2812.5247415397344	8.698317100939743
3171000	-2802.0745936359317	2855.0	-2809.317262144441	7.242668508509231
3172000	-2801.3583868247656	2856.0	-2809.3873381028898	8.028951278124165
3173000	-2802.6737607824725	2857.0	-2811.3300745190336	8.65631373656107
3174000	-2803.1515008912793	2858.0	-2810.653277112394	7.501776221114374
3175000	-2802.767560032149	2859.0	-2810.993838970778	8.22627893862919
3176000	-2800.690076981278	2860.0	-2809.039290092328	8.349213111050265
3177000	-2804.2781727207857	2861.0	-2811.1582359298363	6.880063209050743
3178000	-2807.4732282393293	2862.0	-2814.047017814527	6.5737895751974715
3179000	-2803.7132476128636	2862.0	-2812.7704292053413	9.057181592477837
3180000	-2803.2620323774663	2863.0	-2810.155200973717	6.893168596250541
3181000	-2801.815741948151	2864.0	-2809.972119769423	8.156377821272162
3182000	-2805.2064672924835	2865.0	-2812.5883833502708	7.38191605778733
3183000	-2803.765756847005	2866.0	-2811.4868403962064	7.721083549201641
3184000	-2803.3634822956483	2867.0	-2810.948470178137	7.584987882488696
3185000	-2801.658113774628	2868.0	-2809.8395891087034	8.181475334075554
3186000	-2800.576769567374	2869.0	-2809.1250741903605	8.548304622986599
3187000	-2802.30249485142	2870.0	-2810.61964414455	8.317149293130214
3188000	-2802.261489574333	2871.0	-2810.33434560423	8.072856029896883
3189000	-2809.787472163391	2871.0	-2817.2059072406983	7.418435077307061
3190000	-2800.9763391190754	2872.0	-2809.431601921386	8.45526280231076
3191000	-2802.173648416577	2873.0	-2810.5232673588644	8.349618942286975
3192000	-2801.775051603188	2874.0	-2808.853493369052	7.078441765864139
3193000	-2804.732462705968	2875.0	-2813.120595998012	8.388133292043996
3194000	-2801.3125992018495	2876.0	-2809.227920660594	7.915321458744526
3195000	-2803.5219649432447	2877.0	-2812.0262417217346	8.504276778489675
3196000	-2809.2956670985996	2878.0	-2817.5201884099806	8.224521311380958
3197000	-2800.8954799020407	2879.0	-2809.316509452336	8.421029550295328
3198000	-2802.6021941423905	2880.0	-2811.32687868322	8.724684540829264
3199000	-2804.6829597383858	2880.0	-2811.904228319689	7.22126858130313
3200000	-2802.920706555332	2881.0	-2810.505909349054	7.585202793721923
3201000	-2804.1119631429583	2882.0	-2812.483587379556	8.371624236597539
3202000	-2803.56975022731	2883.0	-2811.7038252472857	8.134075019975654
3203000	-2804.2110024364306	2884.0	-2810.1396726460675	5.928670209637016
3204000	-2802.977033873122	2885.0	-2811.1166962181605	8.139662345038525
3205000	-2800.5902410176886	2886.0	-2809.297506952212	8.707265934523404
3206000	-2803.537084313275	2887.0	-2810.3364332613764	6.799348948101218
3207000	-2803.0531248796306	2888.0	-2810.524973066018	7.471848186387407
3208000	-2801.391048907208	2889.0	-2809.5864878000725	8.195438892864372
3209000	-2803.8654370226745	2889.0	-2811.8357862638604	7.970349241186009
3210000	-2802.4106331056196	2890.0	-2810.718531460063	8.307898354443484
3211000	-2802.0553099439494	2891.0	-2810.0225940130235	7.967284069074359
3212000	-2803.14983300456	2892.0	-2811.6329322901342	8.483099285574259
3213000	-2806.2577424346923	2893.0	-2813.9843060612943	7.726563626601976
3214000	-2803.665684218443	2894.0	-2812.293683169673	8.627998951230087
3215000	-2801.108745260789	2895.0	-2809.0986393120265	7.989894051237567
3216000	-2801.908055865209	2896.0	-2809.807639740763	7.899583875554123
3217000	-2803.4703260653077	2897.0	-2811.4913436082325	8.021017542924923
3218000	-2807.6437256393515	2898.0	-2813.2054666232043	5.561740983853023
3219000	-2803.7176792724244	2898.0	-2811.81442817394	8.09674890151566
3220000	-2807.1950701545916	2899.0	-2809.169783781303	1.974713626711404
3221000	-2803.794866133983	2900.0	-2811.78773376823	7.992867634246974
3222000	-2803.5176323497594	2901.0	-2812.0445659439347	8.526933594175217
3223000	-2803.720326732245	2902.0	-2810.9838246595023	7.2634979272568785
3224000	-2801.02218794888	2903.0	-2808.9919932983303	7.969805349450139
3225000	-2801.707570559807	2904.0	-2809.351210277049	7.6436397172421735
3226000	-2803.920574842346	2905.0	-2810.7379240263726	6.817349184026684
3227000	-2803.1332193225335	2906.0	-2810.7980125356903	7.664793213156624
3228000	-2801.338203393868	2907.0	-2809.493527397439	8.155324003571163
3229000	-2801.256224234839	2907.0	-2809.1251857196144	7.868961484775145
3230000	-2801.8530287705585	2908.0	-2809.331250295752	7.478221525193692
3231000	-2804.726333751826	2909.0	-2812.741614508862	8.015280757035695
3232000	-2804.439716135273	2910.0	-2813.3646943669723	8.924978231699193
3233000	-2802.5748127191423	2911.0	-2810.2501236145513	7.675310895409002
3234000	-2803.5258168881596	2912.0	-2811.876301859349	8.350484971189296
3235000	-2803.8302866091544	2913.0	-2811.6727752980905	7.84248868893626
3236000	-2804.131764550704	2914.0	-2810.8792052277536	6.747440677049885
3237000	-2805.7738019665962	2915.0	-2812.8295074096804	7.055705443084373
3238000	-2803.343000385522	2916.0	-2811.4278804965497	8.08488011102789
3239000	-2801.5770789810895	2916.0	-2809.487211089224	7.910132108134433
3240000	-2802.463000249673	2917.0	-2811.2058695279607	8.742869278287905
3241000	-2800.919992193253	2918.0	-2809.1596950261346	8.23970283288147
3242000	-2804.7308541704083	2919.0	-2813.1110549322266	8.380200761818344
3243000	-2802.901551142654	2920.0	-2810.7685434834843	7.866992340830058
3244000	-2805.733297044083	2921.0	-2813.3739206649743	7.6406236208915725
3245000	-2802.205269114763	2922.0	-2809.135577062767	6.930307948003964
3246000	-2802.4060126283034	2923.0	-2810.7643543380163	8.358341709712928
3247000	-2801.950408876466	2924.0	-2810.6755990447973	8.72519016833115
3248000	-2803.1071898147575	2925.0	-2811.748162611542	8.640972796784533
3249000	-2801.0281751714915	2925.0	-2809.2823543181	8.254179146608326
3250000	-2801.1851049799525	2926.0	-2809.91217189708	8.72706691712741
3251000	-2804.5155825274587	2927.0	-2812.8397731313307	8.324190603872031
3252000	-2803.720769479458	2928.0	-2810.5513042926004	6.830534813142537
3253000	-2805.9801421355282	2929.0	-2813.5794121021395	7.5992699666110886
3254000	-2801.217935146321	2930.0	-2808.7288824419106	7.510947295589548
3255000	-2805.5466735045493	2931.0	-2811.996727561901	6.450054057351791
3256000	-2803.706147129173	2932.0	-2811.4859679577103	7.779820828536949
3257000	-2801.536657856027	2933.0	-2809.7009316455114	8.164273789484431
3258000	-2800.8518739763003	2934.0	-2808.991535291879	8.139661315578504
3259000	-2805.0511538855167	2934.0	-2811.55337455428	6.502220668762986
3260000	-2807.11222683194	2935.0	-2815.9567013726264	8.844474540686335
3261000	-2804.45496709164	2936.0	-2812.8485465909835	8.393579499343389
3262000	-2804.8109076032774	2937.0	-2812.843519362896	8.032611759618517
3263000	-2800.9431997962497	2938.0	-2809.2216920332307	8.278492236981103
3264000	-2803.7657094866395	2939.0	-2810.8774044879833	7.111695001343755
3265000	-2801.9939339708335	2940.0	-2809.8225948804848	7.828660909651454
3266000	-2801.87027793883	2941.0	-2809.9300393026533	8.059761363823263
3267000	-2804.9987221150554	2942.0	-2812.9015551225916	7.902833007536028
3268000	-2801.554947463252	2943.0	-2808.8232178547737	7.2682703915215665
3269000	-2805.5049317139997	2943.0	-2813.6131513193545	8.108219605354645
3270000	-2801.430422360851	2944.0	-2809.1881605510575	7.757738190206608
3271000	-2803.276281255871	2945.0	-2809.3475009497583	6.071219693887647
3272000	-2803.623640624101	2946.0	-2811.6558183907555	8.032177766654396
3273000	-2805.9337441959137	2947.0	-2813.950191386622	8.01644719070821
3274000	-2803.7097215608583	2948.0	-2812.4208248039013	8.711103243042903
3275000	-2803.618222076959	2949.0	-2811.383894349981	7.765672273021978
3276000	-2802.799655526535	2950.0	-2811.4738587021243	8.674203175589508
3277000	-2804.601499599923	2951.0	-2812.560489133535	7.958989533612051
3278000	-2802.483788800213	2952.0	-2809.81785540631	7.334066606097018
3279000	-2801.7623781896486	2952.0	-2810.0547890889984	8.292410899349719
3280000	-2801.437521392002	2953.0	-2809.5983792475463	8.160857855544242
3281000	-2802.3861413173913	2954.0	-2810.7128642779035	8.3267229605121
3282000	-2802.557346875895	2955.0	-2810.629185180433	8.071838304538403
3283000	-2804.196495070614	2956.0	-2811.048665361343	6.852170290728899
3284000	-2801.3501747974315	2957.0	-2810.122720413289	8.772545615857442
3285000	-2802.822666227545	2958.0	-2811.215644618083	8.392978390537962
3286000	-2804.703311756994	2959.0	-2812.428328347519	7.7250165905248265
3287000	-2804.9293825697046	2960.0	-2812.159443560948	7.230060991243754
3288000	-2801.766216455543	2961.0	-2810.196509497859	8.430293042316107
3289000	-2802.4913810278454	2961.0	-2810.840313794254	8.34893276640857
3290000	-2802.774472844515	2962.0	-2811.2031140362815	8.428641191766253
3291000	-2802.6422442631624	2963.0	-2810.3086562569556	7.666411993793031
3292000	-2806.7938609132384	2964.0	-2815.154405839636	8.360544926397866
3293000	-2807.0349613054946	2965.0	-2814.1594645460596	7.124503240564828
3294000	-2809.305673236857	2966.0	-2816.6478622911777	7.342189054321121
3295000	-2803.592875881489	2967.0	-2812.202270886449	8.60939500496005
3296000	-2804.0573214400015	2968.0	-2811.468285474518	7.410964034516345
3297000	-2800.8147842212043	2969.0	-2809.0455144395805	8.230730218376184
3298000	-2801.8749611773096	2970.0	-2809.5805634783383	7.705602301028543
3299000	-2802.2766060869485	2970.0	-2810.8447807727252	8.568174685776867
3300000	-2808.6645347358767	2971.0	-2817.7288465314177	9.06431179554118
3301000	-2803.8828255873195	2972.0	-2811.5095233066577	7.626697719338136
3302000	-2802.2951714217543	2973.0	-2810.8770599726417	8.581888550887543
3303000	-2801.6291663562374	2974.0	-2808.7022689209607	7.073102564723263
3304000	-2804.3048936932773	2975.0	-2812.73431642781	8.429422734532693
3305000	-2805.398785177752	2976.0	-2813.683070342037	8.284285164284924
3306000	-2801.2733578225616	2977.0	-2809.2543780192022	7.981020196640827
3307000	-2804.8498637453313	2978.0	-2811.90783682196	7.057973076628481
3308000	-2800.7788592775614	2979.0	-2809.049079778473	8.270220500911407
3309000	-2801.0193208981455	2979.0	-2809.2135555865902	8.194234688444944
3310000	-2803.310687528487	2980.0	-2810.708612120006	7.397924591518982
3311000	-2804.829209579094	2981.0	-2813.3543627654826	8.52515318638892
3312000	-2802.9900346870145	2982.0	-2811.236393243062	8.24635855604787
3313000	-2804.0576223080166	2983.0	-2808.841783712035	4.784161404018461
3314000	-2801.3305905866387	2984.0	-2809.639883354957	8.309292768318308
3315000	-2803.1874452830702	2985.0	-2811.2861454592767	8.098700176206515
3316000	-2802.464772566503	2986.0	-2811.0196092584883	8.55483669198539
3317000	-2803.048329195753	2987.0	-2810.8177154511345	7.769386255381596
3318000	-2805.9841582974354	2988.0	-2813.047403512371	7.063245214935508
3319000	-2801.9000971217315	2988.0	-2809.6832363486765	7.7831392269450035
3320000	-2803.5850106966996	2989.0	-2810.653094729616	7.0680840329164925
3321000	-2802.4940134032768	2990.0	-2809.5680197834163	7.074006380139529
3322000	-2801.246196307538	2991.0	-2809.2415918313854	7.995395523847362
3323000	-2804.113700473933	2992.0	-2810.68089335629	6.567192882356968
3324000	-2800.66782884016	2993.0	-2808.738952974343	8.071124134183322
3325000	-2802.1687089495117	2994.0	-2809.8646818320003	7.6959728824885
3326000	-2809.7386612896257	2995.0	-2818.288151495774	8.54949020614843
3327000	-2803.025348194025	2996.0	-2811.1154356732136	8.09008747918854
3328000	-2801.469402936442	2997.0	-2809.7166608574203	8.247257920978308
3329000	-2805.4803175708553	2997.0	-2813.5453498118754	8.065032241020138
3330000	-2800.7768994386292	2998.0	-2809.298057910249	8.521158471619891
3331000	-2801.183512574895	2999.0	-2809.301345404132	8.117832829237024
3332000	-2802.2880886842904	3000.0	-2810.022366291507	7.734277607216524
3333000	-2801.375300203086	3001.0	-2810.063370079402	8.688069876315518
3334000	-2802.698455771874	3002.0	-2809.305307414926	6.6068516430522815
3335000	-2802.4501914776324	3003.0	-2809.3099301712173	6.8597386935850695
3336000	-2800.7499780315266	3004.0	-2809.1097832049904	8.359805173463943
3337000	-2800.9422370281845	3005.0	-2809.1162607385677	8.174023710383102
3338000	-2803.4162282968764	3006.0	-2812.129107571911	8.71287927503457
3339000	-2801.485240402389	3006.0	-2809.568185405143	8.082945002754037
3340000	-2803.313588698843	3007.0	-2811.4060246957156	8.092435996872654
3341000	-2801.721438175541	3008.0	-2809.5190126811735	7.7975745056322445
3342000	-2801.089417613648	3009.0	-2809.254536810986	8.165119197338033
3343000	-2800.590630014965	3010.0	-2808.7358353227028	8.14520530773789
3344000	-2800.464148442307	3011.0	-2808.6976031109534	8.23345466864645
3345000	-2802.1951673336016	3012.0	-2809.977378138226	7.782210804624524
3346000	-2803.505982835826	3013.0	-2811.21976678933	7.71378395350395
3347000	-2801.9669355314454	3014.0	-2809.6040615402917	7.637126008846307
3348000	-2802.9027567800945	3015.0	-2809.1629865085733	6.260229728478695
3349000	-2800.817594664154	3015.0	-2808.9951103405147	8.177515676360503
3350000	-2804.9865578140007	3016.0	-2812.738869300973	7.7523114869724745
3351000	-2803.810319150495	3017.0	-2810.9200772721106	7.109758121615476
3352000	-2802.7499020610444	3018.0	-2810.544345074829	7.794443013784608
3353000	-2803.666516085091	3019.0	-2811.4548787269377	7.788362641846335
3354000	-2802.481716542837	3020.0	-2810.0837848545507	7.602068311713358
3355000	-2803.5878626024814	3021.0	-2812.3879542430777	8.800091640596513
3356000	-2802.500838002903	3022.0	-2810.1316243571537	7.630786354250689
3357000	-2802.9438029522157	3023.0	-2811.093717499136	8.14991454692024
3358000	-2801.667446650224	3024.0	-2809.8261043152215	8.158657664997365
3359000	-2804.911265486487	3024.0	-2813.060951211288	8.14968572480095
3360000	-2804.9285585299012	3025.0	-2811.4921265213397	6.56356799143861
3361000	-2803.3670318018567	3026.0	-2811.487194878153	8.120163076296098
3362000	-2801.9868533099093	3027.0	-2810.268612875576	8.281759565666736
3363000	-2804.7056402209037	3028.0	-2811.1631249766633	6.457484755759627
3364000	-2803.816284177377	3029.0	-2810.9579253068714	7.1416411294946505
3365000	-2800.908356677339	3030.0	-2809.314666224691	8.406309547351997
3366000	-2802.0413055830077	3031.0	-2810.3977232524767	8.356417669468915
3367000	-2800.3946836230425	3032.0	-2808.755174828439	8.360491205396716
3368000	-2805.900335557775	3033.0	-2814.321214375336	8.420878817560688
3369000	-2801.197743026311	3033.0	-2809.393205347102	8.195462320791114
3370000	-2805.795296976229	3034.0	-2813.6864898670074	7.8911928907783055
3371000	-2802.8487541126647	3035.0	-2811.0045700765245	8.155815963859771
3372000	-2802.7647357691117	3036.0	-2809.1527029303898	6.387967161278228
3373000	-2803.3399315995666	3037.0	-2811.591547889003	8.2516162894363
3374000	-2804.611274617824	3038.0	-2812.8396594743995	8.228384856575396
3375000	-2802.855480901408	3039.0	-2811.717359847206	8.861878945797994
3376000	-2802.369369786824	3040.0	-2809.3952162875466	7.025846500722949
3377000	-2802.1743661313585	3041.0	-2809.9266686964434	7.752302565085
3378000	-2801.1705401626987	3042.0	-2809.356947417649	8.186407254949975
3379000	-2802.7708623210724	3042.0	-2810.024205319388	7.253342998315693
3380000	-2802.2311170999124	3043.0	-2809.9846834523923	7.753566352480158
3381000	-2802.7780349220475	3044.0	-2811.505148591281	8.727113669233214
3382000	-2805.915249867511	3045.0	-2811.0292232227557	5.113973355244653
3383000	-2802.644125397573	3046.0	-2811.4330545000616	8.788929102488417
3384000	-2802.8460927946917	3047.0	-2809.5939862528794	6.7478934581877414
3385000	-2801.9569623733682	3048.0	-2810.364530032521	8.407567659152726
3386000	-2804.981219714199	3049.0	-2811.394222973328	6.413003259128605
3387000	-2803.20673870413	3050.0	-2811.6951853105757	8.488446606445471
3388000	-2802.0239929726013	3051.0	-2810.072652854164	8.048659881562937
3389000	-2807.6422743901844	3051.0	-2814.220447285247	6.578172895062217
3390000	-2801.475157389565	3052.0	-2809.717415116859	8.242257727293559
3391000	-2802.523634154284	3053.0	-2810.771431060367	8.247796906082698
3392000	-2804.02394440671	3054.0	-2811.3771705125155	7.353226105805419
3393000	-2801.9718287002565	3055.0	-2810.43850348211	8.466674781853385
3394000	-2801.9418080091023	3056.0	-2809.3308925051538	7.389084496051286
3395000	-2802.4368604829056	3057.0	-2810.899328989209	8.462468506303395
3396000	-2803.4006703086498	3058.0	-2811.8977212064074	8.497050897757775
3397000	-2803.9741271761727	3059.0	-2812.037968252642	8.063841076468986
3398000	-2803.461473768963	3060.0	-2811.538228283962	8.076754514998898
3399000	-2802.7792327205807	3060.0	-2810.3118175984373	7.532584877856593
3400000	-2801.96156730949	3061.0	-2810.206701498242	8.245134188752091
3401000	-2801.339667777801	3062.0	-2809.7588135595406	8.419145781739433
3402000	-2803.234795920438	3063.0	-2810.765089883327	7.53029396288918
3403000	-2800.963343864869	3064.0	-2809.0379157818134	8.074571916944539
3404000	-2806.969176590972	3065.0	-2812.7678493725293	5.79867278155718
3405000	-2801.830619761385	3066.0	-2810.0490710681947	8.218451306809786
3406000	-2804.4001903859967	3067.0	-2811.2146377180925	6.814447332095898
3407000	-2801.9956729145324	3068.0	-2809.688399259655	7.692726345122493
3408000	-2803.8783434187862	3069.0	-2810.585273621939	6.706930203152783
3409000	-2801.9569082951143	3069.0	-2809.8666483715824	7.909740076467971
3410000	-2804.1848344590953	3070.0	-2812.219461771681	8.034627312585588
3411000	-2803.333774366876	3071.0	-2810.264330456057	6.930556089181278
3412000	-2804.5752456776786	3072.0	-2811.876138261693	7.300892584014296
3413000	-2808.423313487085	3073.0	-2815.0528482817367	6.629534794651439
3414000	-2807.190885801152	3074.0	-2814.0565436497695	6.865657848617695
3415000	-2801.53773802801	3075.0	-2810.2093725225463	8.671634494536024
3416000	-2802.2062808874925	3076.0	-2810.7458306065378	8.539549719045453
3417000	-2803.309749652841	3077.0	-2811.597159551491	8.287409898650136
3418000	-2804.0598608932783	3078.0	-2811.937376734585	7.877515841307011
3419000	-2802.572931944751	3078.0	-2810.915388146708	8.34245620195725
3420000	-2800.417307984604	3079.0	-2809.0226212384887	8.605313253884733
3421000	-2801.977697378119	3080.0	-2809.297257222462	7.319559844343105
3422000	-2804.041885774782	3081.0	-2812.1178889640614	8.076003189279408
3423000	-2801.570165136251	3082.0	-2809.062729106191	7.492563969939881
3424000	-2804.7684446906787	3083.0	-2813.039966626791	8.27152193611229
3425000	-2802.5459849711674	3084.0	-2810.484565718536	7.93858074736871
3426000	-2804.0533581243653	3085.0	-2811.428842865652	7.375484741286714
3427000	-2805.8060667518585	3086.0	-2813.4470247212453	7.640957969387029
3428000	-2802.385877620584	3087.0	-2809.442662674621	7.056785054037144
3429000	-2804.649993772731	3087.0	-2812.445785580137	7.795791807406044
3430000	-2801.031777785295	3088.0	-2809.3436377409093	8.311859955614317
3431000	-2802.6329666523575	3089.0	-2810.1321865924206	7.499219940062865
3432000	-2801.434750312622	3090.0	-2809.231599057667	7.796848745045095
3433000	-2803.107335424314	3091.0	-2810.4473479105354	7.34001248622151
3434000	-2803.201066026357	3092.0	-2811.255099762382	8.054033736025467
3435000	-2802.3331615871066	3093.0	-2810.4171410224862	8.083979435379689
3436000	-2803.653887443045	3094.0	-2812.1808636357337	8.526976192688775
3437000	-2802.1628510622836	3095.0	-2810.225822395091	8.062971332807447
3438000	-2807.5914776684067	3096.0	-2815.793864709745	8.202387041338138
3439000	-2801.706446497677	3096.0	-2810.2155955115086	8.509149013831461
3440000	-2809.0530779989213	3097.0	-2814.20535040132	5.152272402398724
3441000	-2801.8044434666504	3098.0	-2809.8327129489253	8.02826948227506
3442000	-2801.5376500623292	3099.0	-2809.1453954604012	7.607745398071792
3443000	-2801.096316459627	3100.0	-2809.2414198937636	8.145103434136724
3444000	-2801.4283974496398	3101.0	-2809.4607179218633	8.032320472223603
3445000	-2803.058394823855	3102.0	-2811.4922618376154	8.433867013760516
3446000	-2801.5912178140065	3103.0	-2809.9959893542364	8.404771540229891
3447000	-2802.322927941259	3104.0	-2810.3478248657225	8.024896924463714
3448000	-2803.0488872584997	3105.0	-2809.866221808802	6.817334550302185
3449000	-2802.5659954269354	3105.0	-2809.056809995758	6.4908145688226035
3450000	-2801.5572773412823	3106.0	-2808.878578106353	7.321300765070708
3451000	-2801.6431494366634	3107.0	-2809.605109476083	7.961960039419376
3452000	-2801.662136630288	3108.0	-2809.3897955091807	7.727658878892746
3453000	-2806.8729061501645	3109.0	-2814.2288232936125	7.355917143448125
3454000	-2805.8763414401947	3110.0	-2810.112793810934	4.23645237073929
3455000	-2807.933136817483	3111.0	-2816.429556566413	8.496419748929853
3456000	-2802.014103565066	3112.0	-2810.095681719072	8.081578154006234
3457000	-2802.395972768897	3113.0	-2810.646881608399	8.250908839501674
3458000	-2805.256544721647	3114.0	-2814.238006779602	8.981462057954849
3459000	-2803.572675749065	3114.0	-2812.537617501394	8.964941752328656
3460000	-2803.92374203791	3115.0	-2812.666123041339	8.742381003429006
3461000	-2800.8074868972753	3116.0	-2808.9917321247312	8.184245227455683
3462000	-2803.5604525728086	3117.0	-2811.4288026667086	7.868350093900224
3463000	-2805.322323146812	3118.0	-2813.0708473810664	7.7485242342544645
3464000	-2802.188646736842	3119.0	-2809.2145856661323	7.025938929289979
3465000	-2801.545956265216	3120.0	-2809.266870134217	7.720913869001116
3466000	-2802.5859344551127	3121.0	-2810.0216573163407	7.435722861227999
3467000	-2800.5389792091255	3122.0	-2808.948987660203	8.410008451077221
3468000	-2802.1601659490643	3123.0	-2809.9999784364413	7.839812487376839
3469000	-2800.9369312771973	3123.0	-2809.4061282277526	8.469196950555409
3470000	-2801.6303869199464	3124.0	-2809.1755822178975	7.545195297951266
3471000	-2804.2607685129196	3125.0	-2809.0689712268604	4.808202713940822
3472000	-2801.7819665037887	3126.0	-2809.8585801656477	8.076613661859177
3473000	-2801.0174132674415	3127.0	-2809.085033680508	8.067620413066585
3474000	-2803.230440508505	3128.0	-2811.1768011685604	7.946360660055461
3475000	-2801.030780320494	3129.0	-2809.28738864386	8.256608323365956
3476000	-2804.619159023944	3130.0	-2812.6222808315442	8.003121807600252
3477000	-2801.132442990901	3131.0	-2809.5962957250917	8.463852734190652
3478000	-2803.4173945017424	3132.0	-2810.966495879689	7.549101377946604
3479000	-2805.277280122867	3132.0	-2814.358835629863	9.081555506995947
3480000	-2802.479167127958	3133.0	-2811.0282495703377	8.549082442379735
3481000	-2803.031588171167	3134.0	-2810.6681289048142	7.636540733646893
3482000	-2802.206998740723	3135.0	-2810.2988224544847	8.091823713761633
3483000	-2805.117473735153	3136.0	-2812.762263539822	7.64478980466888
3484000	-2801.4003673082643	3137.0	-2809.643390636388	8.243023328123783
3485000	-2803.9082582800615	3138.0	-2810.7281830973	6.819924817238711
3486000	-2804.5283293074485	3139.0	-2810.548718905106	6.020389597657196
3487000	-2802.2701906846437	3140.0	-2809.5225298326404	7.252339147996834
3488000	-2800.6217783870907	3141.0	-2808.721357273051	8.099578885960565
3489000	-2802.9526919561686	3141.0	-2810.6603456666708	7.707653710502
3490000	-2803.031236074993	3142.0	-2808.996012239894	5.964776164900554
3491000	-2801.5326162375886	3143.0	-2809.743091136977	8.210474899388586
3492000	-2806.677484481387	3144.0	-2814.959009150404	8.281524669016882
3493000	-2801.965491309432	3145.0	-2810.479806369999	8.514315060567029
3494000	-2800.1350117338307	3146.0	-2808.5951666688215	8.460154934991056
3495000	-2803.7010147517835	3147.0	-2811.40990872719	7.708893975406822
3496000	-2802.5755600400994	3148.0	-2811.1307676563347	8.555207616235297
3497000	-2803.0709303000513	3149.0	-2811.108783636003	8.037853335951759
3498000	-2804.3978086544594	3150.0	-2812.0090077984173	7.611199143958059
3499000	-2802.0503362877544	3150.0	-2810.3279695772953	8.277633289541171
3500000	-2801.0861609987123	3151.0	-2809.2668329441253	8.18067194541298
3501000	-2802.3281954334507	3152.0	-2810.847198339006	8.519002905555292
3502000	-2801.887597422889	3153.0	-2809.868136087	7.98053866411095
3503000	-2802.830424719418	3154.0	-2810.7445113734675	7.914086654049884
3504000	-2801.269595350729	3155.0	-2809.420633255745	8.151037905015839
3505000	-2806.287060057423	3156.0	-2814.6296220915774	8.34256203415433
3506000	-2803.9228837622472	3157.0	-2811.8636142591117	7.940730496864273
3507000	-2804.5597763586493	3158.0	-2811.3415384468667	6.781762088217568
3508000	-2801.095139834739	3159.0	-2809.517234888662	8.422095053923403
3509000	-2802.3594473171015	3159.0	-2809.885188249712	7.525740932610373
3510000	-2802.415893282921	3160.0	-2809.2208769110375	6.8049836281167195
3511000	-2802.4458469096858	3161.0	-2810.8378115651703	8.3919646554844
3512000	-2802.9343331228383	3162.0	-2810.153002551559	7.218669428720874
3513000	-2801.414764353357	3163.0	-2809.681214093697	8.2664497403398
3514000	-2801.6477596962927	3164.0	-2809.5189932295334	7.871233533240845
3515000	-2802.909615338123	3165.0	-2810.4778448785773	7.568229540454489
3516000	-2804.032744023451	3166.0	-2812.255919402889	8.22317537943831
3517000	-2800.7027859878845	3167.0	-2809.339856230344	8.637070242459894
3518000	-2802.736251073325	3168.0	-2810.7888100884793	8.052559015154383
3519000	-2802.5992631386553	3168.0	-2809.236308970199	6.63704583154371
3520000	-2801.7416854822577	3169.0	-2808.9151176053747	7.17343212311712
3521000	-2802.5697738458366	3170.0	-2810.584646457303	8.01487261146643
3522000	-2802.04736333577	3171.0	-2810.542148800878	8.49478546510792
3523000	-2802.5316392201007	3172.0	-2810.501525056984	7.969885836883571
3524000	-2801.9930049690765	3173.0	-2810.125856433193	8.132851464116337
3525000	-2801.5390151601728	3174.0	-2809.8219398668907	8.28292470671803
3526000	-2803.5744977043923	3175.0	-2811.2663156588196	7.691817954427415
3527000	-2803.1756212254027	3176.0	-2811.3732767367505	8.197655511347907
3528000	-2801.8312139114864	3177.0	-2809.985496054064	8.15428214257743
3529000	-2801.2740770747982	3177.0	-2808.7721415894202	7.498064514622009
3530000	-2802.8994729925803	3178.0	-2810.007987372006	7.108514379425843
3531000	-2803.012520246182	3179.0	-2810.724616268219	7.712096022037078
3532000	-2801.0430190807547	3180.0	-2808.9728003672744	7.92978128651987
3533000	-2800.9648347900634	3181.0	-2809.2275580226556	8.262723232592052
3534000	-2803.2117155420615	3182.0	-2811.160445471602	7.948729929540692
3535000	-2804.36545732365	3183.0	-2808.9099656589783	4.544508335328297
3536000	-2801.3018208312105	3184.0	-2809.538406575978	8.236585744767801
3537000	-2801.911321306592	3185.0	-2809.600253926254	7.688932619662033
3538000	-2803.6639117914183	3186.0	-2811.7053937260644	8.041481934646143
3539000	-2800.783799285103	3186.0	-2809.201748841842	8.417949556738648
3540000	-2801.612351897224	3187.0	-2809.471347622237	7.858995725012801
3541000	-2802.394298127591	3188.0	-2809.5635867518704	7.1692886242795595
3542000	-2803.148632884723	3189.0	-2811.206344643574	8.057711758850946
3543000	-2801.6997365379752	3190.0	-2808.9287414404375	7.229004902462462
3544000	-2801.2147388296708	3191.0	-2809.063977924987	7.849239095316257
3545000	-2802.5634220343413	3192.0	-2810.7230527287747	8.159630694433401
3546000	-2803.1151449300805	3193.0	-2811.2448111978715	8.129666267790874
3547000	-2806.731687998085	3194.0	-2810.9327705281653	4.201082530080358
3548000	-2801.7312184632806	3195.0	-2809.618237927805	7.887019464524039
3549000	-2802.0604969524275	3195.0	-2810.016771403774	7.9562744513463945
3550000	-2801.902050202349	3196.0	-2809.634750518662	7.732700316312753
3551000	-2801.0707333506193	3197.0	-2809.0683907728526	7.997657422233118
3552000	-2803.655995677719	3198.0	-2811.2044168834072	7.548421205688278
3553000	-2801.8285788343683	3199.0	-2809.044306988889	7.21572815452047
3554000	-2801.6911884742867	3200.0	-2809.9657317503365	8.274543276049856
3555000	-2803.279445460419	3201.0	-2809.8334563676653	6.554010907246264
3556000	-2800.9826813661302	3202.0	-2808.411264898039	7.428583531908677
3557000	-2802.122641201256	3203.0	-2809.924681110897	7.802039909640822
3558000	-2801.848163326317	3204.0	-2809.047670256107	7.199506929790141
3559000	-2805.2993961972793	3204.0	-2814.114748012235	8.815351814955747
3560000	-2801.4498474179823	3205.0	-2809.6154066876775	8.16555926969529
3561000	-2807.997744510655	3206.0	-2813.007557048589	5.009812537933902
3562000	-2801.565621019927	3207.0	-2809.370423161271	7.80480214134373
3563000	-2803.085389709452	3208.0	-2810.8824107401297	7.79702103067769
3564000	-2803.3688445170073	3209.0	-2811.2624178700435	7.893573353036301
3565000	-2802.8452594002297	3210.0	-2811.147771721453	8.302512321223217
3566000	-2804.811294413639	3211.0	-2810.352678370142	5.541383956502832
3567000	-2804.3058420964644	3212.0	-2812.6747903067453	8.368948210281028
3568000	-2808.8174289411695	3213.0	-2815.9838556258924	7.166426684722905
3569000	-2801.388368695985	3213.0	-2809.4855122937824	8.09714359779748
3570000	-2801.9891546926037	3214.0	-2810.2262498116315	8.23709511902759
3571000	-2801.553441458931	3215.0	-2809.809941212871	8.256499753939963
3572000	-2800.9162696692188	3216.0	-2808.5173195519287	7.601049882710002
3573000	-2803.6516431131904	3217.0	-2812.0732120677835	8.421568954593228
3574000	-2801.5485201449583	3218.0	-2810.0407419630587	8.492221818100418
3575000	-2805.9678708727097	3219.0	-2814.37012764076	8.402256768050293
3576000	-2801.3702564348896	3220.0	-2809.596114374988	8.225857940098185
3577000	-2805.2051544626847	3221.0	-2812.68623329101	7.481078828325215
3578000	-2800.3809849313875	3222.0	-2808.5578477005865	8.176862769199161
3579000	-2801.455067057257	3222.0	-2809.326529875055	7.871462817797836
3580000	-2803.1039675312504	3223.0	-2811.080105584353	7.976138053102767
3581000	-2802.1962965636853	3224.0	-2810.064994188602	7.8686976249169245
3582000	-2800.600186123056	3225.0	-2808.7610062214617	8.160820098405495
3583000	-2801.540627225702	3226.0	-2809.032230729021	7.491603503319129
3584000	-2801.6120883469703	3227.0	-2810.106672400089	8.494584053118425
3585000	-2800.588424191284	3228.0	-2809.05803336598	8.469609174696043
3586000	-2802.5175367290576	3229.0	-2810.896087395371	8.378550666313432
3587000	-2802.954719282207	3230.0	-2810.244126820906	7.2894075386991295
3588000	-2800.871609792321	3231.0	-2808.515896565388	7.644286773067027
3589000	-2802.2199220503658	3231.0	-2810.4240903927007	8.204168342334798
3590000	-2802.1325828322	3232.0	-2810.3355859999333	8.203003167733401
3591000	-2803.575652192254	3233.0	-2810.3727603075404	6.797108115286448
3592000	-2805.1334729675414	3234.0	-2813.651619774688	8.518146807146405
3593000	-2801.508845530801	3235.0	-2809.5516545876917	8.042809056890539
3594000	-2803.5749454155994	3236.0	-2812.1620696602167	8.587124244617192
3595000	-2802.478623228431	3237.0	-2810.259539723497	7.780916495065831
3596000	-2804.6730195730174	3238.0	-2812.8801248123887	8.207105239371316
3597000	-2805.965163249072	3239.0	-2813.7803327027978	7.815169453725886
3598000	-2801.529252139498	3240.0	-2808.625323625244	7.096071485745987
3599000	-2805.734727702537	3240.0	-2812.440540165215	6.705812462678087
3600000	-2805.1858423006993	3241.0	-2813.1556624940567	7.969820193357485
3601000	-2802.888580458188	3242.0	-2811.295920256086	8.407339797898402
3602000	-2801.5168908100145	3243.0	-2809.8784181674364	8.361527357421789
3603000	-2801.3446359426425	3244.0	-2809.228182062372	7.8835461197296794
3604000	-2800.5824292500874	3245.0	-2809.083863167256	8.501433917168505
3605000	-2801.773286807011	3246.0	-2808.7358753599015	6.962588552890504
3606000	-2802.043835813742	3247.0	-2810.306987735601	8.263151921858709
3607000	-2803.7419749684564	3248.0	-2810.784814776678	7.042839808221566
3608000	-2807.462052038979	3249.0	-2813.3414940827206	5.87944204374179
3609000	-2804.536880839892	3249.0	-2812.862949747458	8.326068907565787
3610000	-2805.6960386148776	3250.0	-2813.4714307408913	7.775392126013679
3611000	-2801.832683388253	3251.0	-2809.9185506513277	8.085867263074906
3612000	-2801.507877425108	3252.0	-2810.129775349407	8.621897924299166
3613000	-2803.0110789235396	3253.0	-2811.156827826563	8.1457489030236
3614000	-2805.7189933328627	3254.0	-2813.2545764458096	7.535583112946856
3615000	-2804.834919637436	3255.0	-2812.3253023198918	7.490382682455717
3616000	-2801.02705878856	3256.0	-2808.5194341026195	7.492375314059385
3617000	-2806.6529802612813	3257.0	-2814.3901056123696	7.737125351088323
3618000	-2803.1433577506023	3258.0	-2812.176339501173	9.032981750570842
3619000	-2801.568599157329	3258.0	-2809.9267919366926	8.358192779363371
3620000	-2804.1812092333216	3259.0	-2813.1088837500415	8.92767451671983
3621000	-2801.8180996691517	3260.0	-2810.2268956849466	8.408796015795046
3622000	-2801.708827036806	3261.0	-2810.1684629313195	8.45963589451356
3623000	-2805.1242563222686	3262.0	-2813.8283236547695	8.704067332500948
3624000	-2800.942349613288	3263.0	-2809.330603396392	8.388253783103448
3625000	-2802.2814522488684	3264.0	-2810.381624285857	8.100172036988411
3626000	-2801.340044768743	3265.0	-2809.9290902744738	8.589045505730791
3627000	-2801.483331130282	3266.0	-2809.459705247203	7.9763741169213995
3628000	-2803.7416741498305	3267.0	-2812.0820357276634	8.340361577832827
3629000	-2803.9878514348206	3267.0	-2810.931113743404	6.943262308583014
3630000	-2802.3546452266683	3268.0	-2810.218222996669	7.863577770000507
3631000	-2803.199611516355	3269.0	-2812.0469207600177	8.847309243662709
3632000	-2801.547184686886	3270.0	-2810.0725413086757	8.525356621789967
3633000	-2802.2170592515495	3271.0	-2809.7020652044052	7.48500595285592
3634000	-2803.96776413859	3272.0	-2812.4251017995707	8.457337660980762
3635000	-2805.1970993324126	3273.0	-2813.4451922996163	8.248092967203847
3636000	-2800.8135242077747	3274.0	-2808.812523473449	7.9989992656743665
3637000	-2803.7906727162263	3275.0	-2811.388962074081	7.5982893578547674
3638000	-2802.4406529962935	3276.0	-2811.273784289192	8.833131292898662
3639000	-2804.272321110856	3276.0	-2812.7383325481087	8.46601143725253
3640000	-2800.6345650790317	3277.0	-2809.134463274879	8.499898195847507
3641000	-2804.952456619341	3278.0	-2812.337687333677	7.3852307143359255
3642000	-2801.654027258539	3279.0	-2809.5063696736297	7.852342415090853
3643000	-2803.3675601765317	3280.0	-2811.8879193288217	8.520359152290052
3644000	-2801.322578429605	3281.0	-2809.830255522156	8.507677092551306
3645000	-2802.608761379459	3282.0	-2810.4734649029024	7.864703523443272
3646000	-2803.252280907641	3283.0	-2812.0898791926206	8.837598284979576
3647000	-2807.3063484484237	3284.0	-2814.7323486796968	7.426000231272846
3648000	-2805.09669673625	3285.0	-2810.4108438818575	5.314147145607338
3649000	-2802.4102641106224	3285.0	-2810.463777813055	8.053513702432808
3650000	-2804.282147770959	3286.0	-2811.251460366882	6.969312595922901
3651000	-2802.9437419450387	3287.0	-2811.2133954341816	8.269653489143
3652000	-2800.999716428217	3288.0	-2809.641872808249	8.64215638003181
3653000	-2802.0286615019236	3289.0	-2809.881132348394	7.852470846470517
3654000	-2801.9772331002396	3290.0	-2808.6918331817424	6.714600081502938
3655000	-2808.4520947514034	3291.0	-2817.338305541827	8.886210790423906
3656000	-2803.5902191462624	3292.0	-2810.3438354345917	6.753616288329271
3657000	-2800.5641963732182	3293.0	-2808.415829157096	7.851632783878111
3658000	-2801.576288784291	3294.0	-2809.308783335439	7.7324945511475685
3659000	-2803.3454959467545	3294.0	-2810.532035463005	7.186539516250373
3660000	-2804.7664506068504	3295.0	-2812.4704949570573	7.70404435020669
3661000	-2803.3175073820944	3296.0	-2809.9664206970283	6.648913314933986
3662000	-2802.895512617544	3297.0	-2810.762066833324	7.8665542157802495
3663000	-2803.0744234285544	3298.0	-2811.6722558411548	8.597832412600209
3664000	-2805.593282159736	3299.0	-2813.9550574650766	8.361775305340247
3665000	-2800.9113868981744	3300.0	-2808.977110983152	8.065724084977898
3666000	-2800.919398897904	3301.0	-2809.101135292784	8.181736394880069
3667000	-2801.0897389979336	3302.0	-2809.101443178693	8.01170418075935
3668000	-2806.135141913911	3303.0	-2814.7119708882215	8.576828974310592
3669000	-2802.916593574158	3303.0	-2809.7260679712504	6.809474397092233
3670000	-2803.8627959670675	3304.0	-2812.0176328088087	8.154836841741368
3671000	-2801.7093961331793	3305.0	-2810.053711405665	8.34431527248569
3672000	-2806.116378594197	3306.0	-2814.636621953865	8.520243359667983
3673000	-2802.856048861008	3307.0	-2810.71688683793	7.860837976922197
3674000	-2803.3627234219407	3308.0	-2811.3725806265325	8.009857204591611
3675000	-2803.4954143253394	3309.0	-2811.7584509056082	8.263036580268917
3676000	-2801.7048385365965	3310.0	-2809.950235918168	8.245397381571589
3677000	-2804.5299631602397	3311.0	-2812.59404235674	8.064079196499971
3678000	-2801.5617173460637	3312.0	-2809.3159455244586	7.7542281783949125
3679000	-2802.66251444414	3312.0	-2811.2120132314376	8.549498787297575
3680000	-2801.1089896287754	3313.0	-2809.6180121349817	8.509022506206515
3681000	-2802.541375251557	3314.0	-2809.88109933522	7.3397240836629845
3682000	-2805.900891317268	3315.0	-2812.695860872158	6.794969554889894
3683000	-2800.518503141144	3316.0	-2808.877319194728	8.358816053584258
3684000	-2801.5337977007975	3317.0	-2809.6791525313724	8.145354830574856
3685000	-2802.9159722644135	3318.0	-2809.5501209053064	6.634148640892889
3686000	-2800.169000950663	3319.0	-2808.5784614189747	8.409460468311725
3687000	-2801.5395107055438	3320.0	-2809.738705085278	8.199194379734447
3688000	-2803.9677889658014	3321.0	-2811.9067132307205	7.938924264919158
3689000	-2800.74613210375	3321.0	-2809.3357614878937	8.589629384143787
3690000	-2800.6021958685433	3322.0	-2808.7906930975946	8.18849722905117
3691000	-2801.873818146368	3323.0	-2809.862541918822	7.9887237724536675
3692000	-2803.3898808270715	3324.0	-2811.20135142087	7.811470593798834
3693000	-2800.511488774451	3325.0	-2808.7426716130954	8.231182838643939
3694000	-2802.4318462095307	3326.0	-2810.360327876878	7.928481667347087
3695000	-2800.0388711128835	3327.0	-2808.494200974445	8.455329861561298
3696000	-2805.888996306758	3328.0	-2810.2283118562673	4.3393155495093065
3697000	-2805.580401043804	3329.0	-2812.1146241203533	6.534223076549022
3698000	-2801.153400174089	3330.0	-2809.0541485974345	7.900748423345759
3699000	-2802.8936084939082	3330.0	-2810.0621115791832	7.168503085275048
3700000	-2803.8313817949993	3331.0	-2810.8202062275345	6.9888244325353766
3701000	-2803.365199896655	3332.0	-2811.3722488644466	8.007048967791638
3702000	-2801.2008002988096	3333.0	-2809.6194848277046	8.418684528894948
3703000	-2801.402289680388	3334.0	-2809.5822047803545	8.179915099966397
3704000	-2802.9991862916736	3335.0	-2811.10909051099	8.109904219316244
3705000	-2806.447512391555	3336.0	-2814.417768908398	7.970256516843097
3706000	-2802.14990498625	3337.0	-2810.419091262541	8.26918627629072
3707000	-2807.4033703302803	3338.0	-2814.673297346486	7.2699270162054965
3708000	-2803.6157630652074	3339.0	-2809.9701554749595	6.354392409752201
3709000	-2805.0666542556482	3339.0	-2812.491713206279	7.425058950630866
3710000	-2803.670606361979	3340.0	-2811.534971274111	7.864364912131997
3711000	-2802.5688536759153	3341.0	-2810.5233137012997	7.954460025384159
3712000	-2803.251883079482	3342.0	-2809.4405828138943	6.188699734412328
3713000	-2804.1900362634137	3343.0	-2811.010348595097	6.820312331683468
3714000	-2803.6341924976937	3344.0	-2811.1576201786743	7.523427680980515
3715000	-2802.0025250659337	3345.0	-2809.867642682847	7.865117616913114
3716000	-2802.044634484299	3346.0	-2810.518979417831	8.474344933531818
3717000	-2805.6685646180695	3347.0	-2813.179106740597	7.510542122527478
3718000	-2803.439972188111	3348.0	-2811.455415780765	8.015443592654405
3719000	-2805.043208610653	3348.0	-2813.1584296320325	8.115221021379703
3720000	-2808.246237820873	3349.0	-2817.0479570648968	8.801719244023774
3721000	-2802.379251354271	3350.0	-2810.094986876859	7.715735522587733
3722000	-2802.4625481042017	3351.0	-2810.1430121364438	7.680464032241982
3723000	-2802.7685615067826	3352.0	-2810.679117704128	7.91055619734572
3724000	-2803.778960430428	3353.0	-2812.0390683035675	8.260107873139347
3725000	-2804.85013463527	3354.0	-2813.5937615248604	8.743626889590404
3726000	-2802.120052675275	3355.0	-2809.6785898124617	7.558537137186791
3727000	-2803.0097472262555	3356.0	-2810.631425644101	7.621678417845645
3728000	-2801.604705318581	3357.0	-2809.3820995771644	7.777394258583399
3729000	-2801.0092804909464	3357.0	-2809.2271434673276	8.217862976381378
3730000	-2800.660742512431	3358.0	-2809.0703650510936	8.409622538662568
3731000	-2803.7695632983723	3359.0	-2811.8818668311874	8.112303532814916
3732000	-2801.0531365047877	3360.0	-2809.0674136537227	8.014277148935198
3733000	-2806.023065995506	3361.0	-2812.9038627100344	6.880796714528383
3734000	-2802.4350691560744	3362.0	-2810.7896026087	8.354533452625587
3735000	-2801.0238331686714	3363.0	-2809.024311856451	8.000478687779488
3736000	-2800.6142514385124	3364.0	-2809.1403500419524	8.526098603440168
3737000	-2803.4198280884943	3365.0	-2811.9597921285545	8.53996404006022
3738000	-2801.514427178148	3366.0	-2809.7592460350234	8.244818856875703
3739000	-2801.233665093958	3366.0	-2809.715332780978	8.481667687019886
3740000	-2801.757121937808	3367.0	-2810.000358660052	8.243236722244134
3741000	-2802.7124025127614	3368.0	-2811.331722345456	8.619319832694428
3742000	-2801.1243121288358	3369.0	-2809.082635519277	7.958323390441359
3743000	-2806.327331895982	3370.0	-2812.4429889477037	6.115657051721935
3744000	-2802.2301003282605	3371.0	-2810.4034556072447	8.173355278984353
3745000	-2800.413458020984	3372.0	-2808.5741726263436	8.160714605359775
3746000	-2801.5649442242293	3373.0	-2809.63939227596	8.074448051730581
3747000	-2801.080207466616	3374.0	-2809.3168751670664	8.236667700450607
3748000	-2800.7206402782417	3375.0	-2809.1180214833416	8.397381205099926
3749000	-2801.20391478424	3375.0	-2809.139544503374	7.935629719134058
3750000	-2804.7590378652835	3376.0	-2811.554557057605	6.795519192321396
3751000	-2804.4633716163835	3377.0	-2812.7655338421523	8.30216222576891
3752000	-2803.9491402480467	3378.0	-2810.515790039663	6.566649791616294
3753000	-2802.4549789437365	3379.0	-2811.0440441564074	8.589065212670981
3754000	-2802.2525991952843	3380.0	-2808.8885851798195	6.635985984535027
3755000	-2805.229918024826	3381.0	-2810.727655635059	5.497737610232685
3756000	-2801.4420987204066	3382.0	-2809.4253547684984	7.9832560480919375
3757000	-2801.545352491105	3383.0	-2809.638202465836	8.092849974731152
3758000	-2802.5870472354427	3384.0	-2810.5903478123405	8.003300576897772
3759000	-2806.306701930897	3384.0	-2813.1843140161977	6.8776120853009335
3760000	-2801.4294560170247	3385.0	-2809.7457133370262	8.316257320001437
3761000	-2802.56047770643	3386.0	-2810.3704780568137	7.810000350383641
3762000	-2801.4964584763634	3387.0	-2809.0537819982283	7.557323521864991
3763000	-2801.330167941989	3388.0	-2810.0497382324475	8.719570290458392
3764000	-2800.6712682610796	3389.0	-2808.7521526638193	8.080884402739459
3765000	-2802.6452384635895	3390.0	-2808.9404199077835	6.295181444193931
3766000	-2800.4413044648372	3391.0	-2808.806915174656	8.365610709818398
3767000	-2804.8708412419232	3392.0	-2811.4683049095224	6.597463667599177
3768000	-2802.0063478895236	3393.0	-2809.856165515433	7.849817625909564
3769000	-2804.324990346707	3393.0	-2813.4088295555357	9.08383920882831
3770000	-2805.539778840145	3394.0	-2813.1245462468078	7.58476740666273
3771000	-2801.231678362877	3395.0	-2809.5716537883877	8.33997542551058
3772000	-2802.067389931116	3396.0	-2810.200978405821	8.133588474704808
3773000	-2801.9243062588516	3397.0	-2810.167750544888	8.24344428603633
3774000	-2802.4658984543735	3398.0	-2810.1342673985496	7.66836894417607
3775000	-2803.3263332020915	3399.0	-2810.1748300951467	6.84849689305539
3776000	-2808.908586953209	3400.0	-2816.8270599249213	7.9184729717121085
3777000	-2800.921480384501	3401.0	-2809.114531519854	8.19305113535291
3778000	-2801.5065075720136	3402.0	-2809.521592805927	8.015085233913267
3779000	-2801.209793089123	3402.0	-2809.732662243357	8.522869154233772
3780000	-2801.247613996532	3403.0	-2808.9863568490177	7.738742852485604
3781000	-2803.531476338016	3404.0	-2811.6732128192302	8.141736481214012
3782000	-2802.237019730587	3405.0	-2810.007993466316	7.7709737357291315
3783000	-2803.7319873493575	3406.0	-2812.1852799067815	8.453292557424103
3784000	-2802.277242623118	3407.0	-2810.383186490434	8.105943867315805
3785000	-2805.442280612257	3408.0	-2811.4639498433617	6.021669231104573
3786000	-2801.0336858330606	3409.0	-2809.2354094210664	8.201723588005658
3787000	-2801.6742394662506	3410.0	-2809.107377465938	7.43313799968753
3788000	-2802.907800116019	3411.0	-2811.228910910088	8.321110794068868
3789000	-2803.086534129783	3411.0	-2811.734657963593	8.648123833809667
3790000	-2804.766651242502	3412.0	-2811.6897499778333	6.923098735331386
3791000	-2805.6256946003878	3413.0	-2809.679636962848	4.053942362459932
3792000	-2808.3547444209325	3414.0	-2816.6231649784363	8.268420557503788
3793000	-2803.171786233229	3415.0	-2811.486875918591	8.315089685362272
3794000	-2803.04715423644	3416.0	-2810.3629509730686	7.315796736628619
3795000	-2803.263422376413	3417.0	-2811.538387775915	8.274965399502115
3796000	-2806.5968059637935	3418.0	-2814.768901818664	8.172095854870168
3797000	-2803.3634012416887	3419.0	-2810.9207619202853	7.557360678596606
3798000	-2802.00480980969	3420.0	-2810.1042420541116	8.099432244421576
3799000	-2802.359740522762	3420.0	-2810.691527555499	8.331787032736822
3800000	-2805.5866152001336	3421.0	-2813.665275948606	8.078660748472654
3801000	-2802.5619001026803	3422.0	-2811.1287246288475	8.566824526167121
3802000	-2802.279765994625	3423.0	-2810.7629291288285	8.483163134203467
3803000	-2802.122949057899	3424.0	-2810.4212924751882	8.298343417289106
3804000	-2802.2145216852737	3425.0	-2810.4446405310173	8.230118845743487
3805000	-2802.6929174504317	3426.0	-2810.3279260262407	7.635008575808985
3806000	-2801.4541575091025	3427.0	-2809.4763219109436	8.022164401841325
3807000	-2802.7607147812532	3428.0	-2810.8203810414952	8.059666260242153
3808000	-2803.720000237744	3429.0	-2811.768417675191	8.04841743744695
3809000	-2800.4950430501344	3429.0	-2808.901324478591	8.40628142845684
3810000	-2801.307455724014	3430.0	-2808.8157874807175	7.508331756703555
3811000	-2800.647582972978	3431.0	-2808.691009943046	8.043426970068058
3812000	-2800.9026728922286	3432.0	-2809.0861818085805	8.183508916351748
3813000	-2804.1299794113975	3433.0	-2812.096276202826	7.966296791428671
3814000	-2801.4136208304017	3434.0	-2809.721647854779	8.30802702437704
3815000	-2802.4280652824773	3435.0	-2810.3855481832084	7.957482900731131
3816000	-2804.3059923659025	3436.0	-2811.5991997271526	7.293207361250207
3817000	-2803.8563054278366	3437.0	-2811.469105186602	7.612799758765572
3818000	-2802.015073262178	3438.0	-2810.150748929302	8.13567566712458
3819000	-2807.433415136153	3438.0	-2811.947254826476	4.513839690323001
3820000	-2801.9085536561765	3439.0	-2810.3686041925694	8.46005053639293
3821000	-2801.996843012909	3440.0	-2810.405731899762	8.40888888685329
3822000	-2805.387077380216	3441.0	-2813.483555121335	8.096477741119216
3823000	-2805.298500804365	3442.0	-2812.4458967479563	7.1473959435912064
3824000	-2803.2186041257496	3443.0	-2811.3371147026332	8.118510576883725
3825000	-2804.8254189712907	3444.0	-2811.9812253644254	7.155806393134708
3826000	-2802.6832718223413	3445.0	-2810.774541735718	8.091269913376314
3827000	-2803.92538209044	3446.0	-2811.4629076573065	7.537525566866505
3828000	-2802.6343019469864	3447.0	-2809.904813161196	7.270511214209913
3829000	-2803.710522608719	3447.0	-2811.114229021214	7.403706412494852
3830000	-2801.796010727396	3448.0	-2810.091227740274	8.295217012877664
3831000	-2801.5452289441223	3449.0	-2810.026831119177	8.481602175054606
3832000	-2806.497560270278	3450.0	-2814.869960470391	8.372400200113038
3833000	-2802.365251532693	3451.0	-2809.929961735347	7.5647102026543065
3834000	-2802.4925130832426	3452.0	-2810.082035738406	7.589522655163395
3835000	-2801.624332918912	3453.0	-2809.6264735913423	8.002140672430258
3836000	-2801.3086627369244	3454.0	-2809.4232458998003	8.114583162876205
3837000	-2802.521230839705	3455.0	-2810.4025408803905	7.8813100406856185
3838000	-2802.46049322285	3456.0	-2809.742238679931	7.281745457080847
3839000	-2801.9030043364633	3456.0	-2810.2676703104435	8.364665973980092
3840000	-2802.540282089072	3457.0	-2810.212912433153	7.672630344080829
3841000	-2802.161782830802	3458.0	-2810.6510011728565	8.489218342054187
3842000	-2801.361702971076	3459.0	-2809.4742674008744	8.112564429798521
3843000	-2803.6307948714602	3460.0	-2811.394309046308	7.763514174847719
3844000	-2804.3777053299905	3461.0	-2810.6240554083784	6.246350078387952
3845000	-2803.0794109954604	3462.0	-2810.0412852470567	6.961874251596343
3846000	-2801.239872733284	3463.0	-2809.1620266172667	7.92215388398302
3847000	-2801.065501106964	3464.0	-2809.697407030262	8.63190592329843
3848000	-2809.799068597727	3465.0	-2817.029721692022	7.230653094295306
3849000	-2801.652850447055	3465.0	-2809.8420956185573	8.189245171502467
3850000	-2803.5761209817197	3466.0	-2808.9970573060914	5.420936324371869
3851000	-2802.3737724539897	3467.0	-2810.636047718015	8.262275264025423
3852000	-2801.7097338753515	3468.0	-2809.9149536000673	8.205219724715985
3853000	-2801.356041126691	3469.0	-2808.5798304825244	7.2237893558337705
3854000	-2801.957317462507	3470.0	-2810.3336228041285	8.376305341621578
3855000	-2804.750394493136	3471.0	-2811.988927252386	7.238532759250311
3856000	-2803.846111910751	3472.0	-2812.6084190638267	8.762307153075547
3857000	-2803.3822579605853	3473.0	-2810.8694483724435	7.487190411857938
3858000	-2806.059870598826	3474.0	-2813.7600127129226	7.700142114096573
3859000	-2806.4796757216604	3474.0	-2814.041918561695	7.5622428400349575
3860000	-2803.833143050766	3475.0	-2811.0752162282715	7.2420731775055
3861000	-2802.9507062516477	3476.0	-2811.1855455995465	8.234839347898756
3862000	-2801.8775742983053	3477.0	-2810.2024837135104	8.324909415205212
3863000	-2806.9102127859683	3478.0	-2815.5500622679524	8.639849481984347
3864000	-2801.716451904753	3479.0	-2810.5463996079034	8.829947703150502
3865000	-2807.4121480633303	3480.0	-2815.5443023310168	8.132154267686623
3866000	-2801.5198637266976	3481.0	-2809.3249684158295	7.805104689131765
3867000	-2803.0405889485264	3482.0	-2810.609234159056	7.56864521052974
3868000	-2805.5487594048204	3483.0	-2812.6229419397237	7.07418253490315
3869000	-2803.460481706649	3483.0	-2811.594197159565	8.133715452915826
3870000	-2800.658080733529	3484.0	-2809.100137264532	8.442056531003107
3871000	-2802.1400866768895	3485.0	-2810.365972966074	8.225886289184587
3872000	-2802.035235909583	3486.0	-2809.786510507014	7.751274597430748
3873000	-2800.97994852618	3487.0	-2809.202410090167	8.222461563987164
3874000	-2803.9758614980124	3488.0	-2811.477143482647	7.501281984634729
3875000	-2801.502087918463	3489.0	-2809.7988299623353	8.296742043872257
3876000	-2802.367341882512	3490.0	-2810.3560264261087	7.988684543596878
3877000	-2805.664468408064	3491.0	-2814.1369253205157	8.472456912452113
3878000	-2804.7567354602675	3492.0	-2811.2482590279687	6.491523567701476
3879000	-2802.5839638815696	3492.0	-2810.5729498142477	7.988985932678156
3880000	-2803.88721747748	3493.0	-2812.260304043998	8.373086566517898
3881000	-2805.713419220323	3494.0	-2812.438532826159	6.725113605836254
3882000	-2800.405801299883	3495.0	-2808.552276233642	8.146474933758576
3883000	-2803.4040961109945	3496.0	-2812.063923470518	8.65982735952371
3884000	-2802.8379463231568	3497.0	-2811.2274320125653	8.389485689408401
3885000	-2801.19668646468	3498.0	-2809.068270003586	7.871583538905632
3886000	-2803.188532491499	3499.0	-2810.477969677505	7.289437186006246
3887000	-2801.981056686707	3500.0	-2809.8799519224676	7.898895235760871
3888000	-2802.003164943068	3501.0	-2809.612952414443	7.609787471375075
3889000	-2801.6208672803537	3501.0	-2810.0166089567897	8.395741676435986
3890000	-2803.6975782647314	3502.0	-2809.7165909700916	6.019012705360266
3891000	-2804.5631813474074	3503.0	-2811.901163615239	7.337982267831457
3892000	-2801.8927339906877	3504.0	-2810.542825867431	8.650091876743499
3893000	-2804.6383360118484	3505.0	-2811.9032919718593	7.264955960010736
3894000	-2802.619506318128	3506.0	-2809.004715639481	6.385209321352974
3895000	-2800.9870461195806	3507.0	-2809.0120206856627	8.024974566082049
3896000	-2802.025668487804	3508.0	-2810.0198878682913	7.994219380487491
3897000	-2806.239142083936	3509.0	-2814.3373373854556	8.098195301519674
3898000	-2808.6974626336087	3510.0	-2816.975479105614	8.278016472005156
3899000	-2806.4119513640962	3510.0	-2812.9189283720066	6.506977007910477
3900000	-2803.21217874917	3511.0	-2811.1673614725482	7.955182723377975
3901000	-2802.882786730686	3512.0	-2810.523221217403	7.640434486716738
3902000	-2810.6082541898036	3513.0	-2815.7604237148553	5.152169525051618
3903000	-2803.797209017046	3514.0	-2811.6099698136595	7.812760796613341
3904000	-2801.213227072125	3515.0	-2809.449365809496	8.236138737371153
3905000	-2802.193236062663	3516.0	-2810.0407592849324	7.847523222269496
3906000	-2803.795500874952	3517.0	-2811.402043592015	7.606542717063366
3907000	-2801.5127466200097	3518.0	-2809.594981833661	8.082235213651582
3908000	-2805.9293495084053	3519.0	-2813.8548757213184	7.925526212913175
3909000	-2802.3085744466835	3519.0	-2810.2302513319323	7.92167688524889
3910000	-2804.061425624747	3520.0	-2812.066547065333	8.005121440585999
3911000	-2802.415118566789	3521.0	-2810.5275444772287	8.11242591044011
3912000	-2802.955415319493	3522.0	-2810.4140266403974	7.458611320904114
3913000	-2803.84901768849	3523.0	-2812.5849169909216	8.735899302431358
3914000	-2802.5290285595383	3524.0	-2810.3678088853017	7.83878032576327
3915000	-2803.254679655243	3525.0	-2810.4342639083593	7.179584253116585
3916000	-2803.081868710621	3526.0	-2810.7738923604165	7.692023649795235
3917000	-2802.673111822852	3527.0	-2810.0774904579134	7.404378635061031
3918000	-2801.3190380110186	3528.0	-2809.2177014122667	7.898663401247894
3919000	-2804.0692384424624	3528.0	-2813.087248515674	9.018010073211999
3920000	-2800.881320118517	3529.0	-2809.522330205875	8.6410100873575
3921000	-2802.885941053223	3530.0	-2811.4725406521793	8.586599598956127
3922000	-2802.1623947312196	3531.0	-2810.3132661838595	8.150871452640033
3923000	-2803.2579646832364	3532.0	-2808.632592353168	5.374627669931467
3924000	-2805.7209801912595	3533.0	-2812.8043836407137	7.0834034494542575
3925000	-2802.1449923629366	3534.0	-2810.21876776297	8.073775400033565
3926000	-2804.3036519704824	3535.0	-2812.983340135505	8.679688165022336
3927000	-2801.057486221277	3536.0	-2809.4569658204955	8.39947959921869
3928000	-2803.9408361810706	3537.0	-2810.031351605321	6.090515424250283
3929000	-2802.357367644683	3537.0	-2810.0682979464254	7.710930301742194
3930000	-2804.930529131237	3538.0	-2811.5665985030837	6.636069371846778
3931000	-2803.7061466901	3539.0	-2810.948370697762	7.242224007662264
3932000	-2803.1889444152007	3540.0	-2811.433032195397	8.244087780196304
3933000	-2804.615832444884	3541.0	-2813.0932608306434	8.477428385759726
3934000	-2804.4517691077262	3542.0	-2811.868869232081	7.417100124354923
3935000	-2802.1541143965233	3543.0	-2810.5464164615964	8.392302065073016
3936000	-2800.868758133313	3544.0	-2808.676132394256	7.807374260942996
3937000	-2801.58946392647	3545.0	-2810.182009613388	8.592545686917628
3938000	-2806.4206021389055	3546.0	-2812.12809121962	5.707489080714396
3939000	-2802.0062879019183	3546.0	-2810.1201710448613	8.113883142943
3940000	-2802.9020929133926	3547.0	-2810.0427771087748	7.140684195382062
3941000	-2802.411730100067	3548.0	-2811.034098048319	8.62236794825196
3942000	-2802.5265787511735	3549.0	-2810.2317102330867	7.705131481913171
3943000	-2802.014461951952	3550.0	-2809.7719393751395	7.7574774231873125
3944000	-2802.6802765564266	3551.0	-2810.4177659196766	7.737489363250228
3945000	-2801.0431631818096	3552.0	-2809.8657391217166	8.822575939907006
3946000	-2801.23915427753	3553.0	-2809.660727913359	8.421573635829285
3947000	-2802.228245384994	3554.0	-2810.490783294766	8.262537909772
3948000	-2807.7363238410016	3555.0	-2812.796945459025	5.06062161802361
3949000	-2801.5273415310817	3555.0	-2808.807566339184	7.280224808102634
3950000	-2804.2348374110243	3556.0	-2812.281157481164	8.04632007013959
3951000	-2805.529821084949	3557.0	-2810.1864819355005	4.656660850551262
3952000	-2802.6139062896636	3558.0	-2810.260084730909	7.6461784412455
3953000	-2802.618290202796	3559.0	-2810.9762218785	8.35793167570424
3954000	-2806.0337439461778	3560.0	-2810.2596888631197	4.225944916941792
3955000	-2800.2550989760475	3561.0	-2808.5001969901787	8.2450980141311
3956000	-2805.1739894682664	3562.0	-2813.3060699414978	8.132080473231376
3957000	-2801.4649617754244	3563.0	-2809.7763803663684	8.311418590944164
3958000	-2801.751642431087	3564.0	-2810.226679634071	8.475037202983929
3959000	-2803.6278469715503	3564.0	-2811.752072091912	8.124225120361523
3960000	-2808.7858534199877	3565.0	-2812.9954406357165	4.209587215728602
3961000	-2803.7225491243585	3566.0	-2811.701742831781	7.9791937074225325
3962000	-2804.5039985316776	3567.0	-2812.407764457066	7.9037659253885195
3963000	-2801.738110625028	3568.0	-2809.844547222169	8.106436597140773
3964000	-2801.924797101022	3569.0	-2809.8226672754067	7.89787017438472
3965000	-2802.996396606022	3570.0	-2811.3646885742487	8.368291968226899
3966000	-2803.6913250640578	3571.0	-2811.4280310080953	7.736705944037665
3967000	-2801.225536562857	3572.0	-2809.6027194439525	8.377182881095251
3968000	-2801.9275082729896	3573.0	-2810.0858452490443	8.158336976054542
3969000	-2803.517767824774	3573.0	-2811.7657947047846	8.24802688001033
3970000	-2802.4510157031946	3574.0	-2810.2373158552737	7.7863001520788915
3971000	-2801.6326927456125	3575.0	-2810.4953630843943	8.862670338781845
3972000	-2801.109261201954	3576.0	-2809.4148490344414	8.305587832487763
3973000	-2801.7465659462678	3577.0	-2808.855826981384	7.109261035115881
3974000	-2800.372935968469	3578.0	-2808.885629705456	8.512693736986874
3975000	-2802.1461906697155	3579.0	-2810.5408941635947	8.39470349387929
3976000	-2800.969166437223	3580.0	-2808.8919109686567	7.922744531433445
3977000	-2803.468723260997	3581.0	-2811.251551257583	7.782827996585832
3978000	-2804.514352788587	3582.0	-2811.9678779860997	7.453525197512396
3979000	-2803.772376544039	3582.0	-2811.975749209155	8.203372665115612
3980000	-2803.0492676693993	3583.0	-2811.8844690261026	8.835201356703411
3981000	-2802.525141354938	3584.0	-2810.072095220474	7.546953865535611
3982000	-2801.776561878252	3585.0	-2809.5352680552464	7.758706176994646
3983000	-2803.2906244019528	3586.0	-2810.5290887690353	7.238464367082764
3984000	-2808.1064680541026	3587.0	-2812.7651198695776	4.658651815475105
3985000	-2802.982772700974	3588.0	-2811.3585636343523	8.375790933378566
3986000	-2804.2806229162065	3589.0	-2811.194421603243	6.913798687036466
3987000	-2805.7719672936646	3590.0	-2814.2263258527087	8.454358559043985
3988000	-2801.4415880100505	3591.0	-2809.8291656843344	8.387577674283964
3989000	-2800.5349670912283	3591.0	-2808.885483064544	8.3505159733159
3990000	-2803.7210602861282	3592.0	-2811.6138996484165	7.892839362288386
3991000	-2802.5044367767614	3593.0	-2809.6522532217245	7.147816444963235
3992000	-2801.7852299216383	3594.0	-2808.9931857693496	7.207955847711062
3993000	-2804.4280883780148	3595.0	-2812.501407894686	8.073319516671184
3994000	-2801.2988488499586	3596.0	-2809.692156996566	8.393308146607325
3995000	-2803.169484677488	3597.0	-2809.942623226254	6.77313854876601
3996000	-2804.3417561473457	3598.0	-2811.8323309485704	7.490574801224833
3997000	-2802.2129104591395	3599.0	-2809.561394168233	7.348483709093826
3998000	-2802.5591833325284	3600.0	-2809.16609948911	6.606916156581605
3999000	-2801.515116739959	3600.0	-2809.3973906461742	7.88227390621511
4000000	-2803.206824257607	3601.0	-2811.5198537755696	8.313029517962665
4001000	-2803.6652448839577	3602.0	-2810.7327165824427	7.067471698484733
4002000	-2802.177812176037	3603.0	-2808.701618265542	6.523806089504831
4003000	-2803.6664471485424	3604.0	-2812.150116166446	8.48366901790363
4004000	-2803.78891986487	3605.0	-2812.2563009704545	8.467381105584426
4005000	-2803.9989788858115	3606.0	-2810.071685174298	6.072706288486685
4006000	-2801.1910331626605	3607.0	-2808.5564503547857	7.365417192125179
4007000	-2805.362612878358	3608.0	-2810.1549128550932	4.792299976734975
4008000	-2801.4473480823403	3609.0	-2809.8865792077795	8.439231125439337
4009000	-2807.9197486637545	3609.0	-2813.4412988754752	5.52155021172087
4010000	-2803.7661790501425	3610.0	-2811.5131296249	7.746950574757758
4011000	-2802.426065710704	3611.0	-2809.283394127559	6.85732841685507
4012000	-2801.4483201145363	3612.0	-2809.457383489346	8.009063374809566
4013000	-2803.192432068195	3613.0	-2811.1165118097992	7.924079741603979
4014000	-2801.8408864182843	3614.0	-2809.7847472081394	7.943860789855078
4015000	-2805.4917571470155	3615.0	-2813.397207489498	7.905450342482832
4016000	-2801.6013543081954	3616.0	-2810.095766318694	8.494412010498632
4017000	-2805.7351987800944	3617.0	-2813.962586880394	8.227388100299597
4018000	-2806.422256722355	3618.0	-2814.1069222234923	7.684665501137276
4019000	-2803.830579489494	3618.0	-2809.2413951176486	5.410815628154381
4020000	-2806.435797166987	3619.0	-2814.120830157243	7.685032990255918
4021000	-2802.592093754079	3620.0	-2810.403337271712	7.811243517633053
4022000	-2802.168924786253	3621.0	-2810.438392751171	8.269467964918103
4023000	-2803.923271800188	3622.0	-2811.471413973173	7.5481421729853055
4024000	-2800.656202382436	3623.0	-2808.942130935862	8.285928553426253
4025000	-2804.110126223769	3624.0	-2811.8094059092864	7.699279685517425
4026000	-2803.3069436758274	3625.0	-2811.5633405971566	8.256396921329186
4027000	-2803.1884073903148	3626.0	-2810.526603250167	7.338195859852691
4028000	-2802.760187569305	3627.0	-2808.9903750172875	6.230187447982676
4029000	-2801.3539146302633	3627.0	-2808.9861310507063	7.632216420443079
4030000	-2803.0137409411195	3628.0	-2810.8321641210314	7.818423179912086
4031000	-2805.4491979431555	3629.0	-2810.2186004566743	4.769402513518722
4032000	-2801.275698846949	3630.0	-2809.805600520822	8.529901673872478
4033000	-2801.3387665251225	3631.0	-2809.252606252281	7.913839727158779
4034000	-2802.3583850277582	3632.0	-2810.137971384941	7.779586357182655
4035000	-2802.8529347437793	3633.0	-2811.0507051456007	8.197770401821497
4036000	-2806.513321996886	3634.0	-2813.907815826694	7.394493829807721
4037000	-2801.853694632934	3635.0	-2810.117022020726	8.26332738779201
4038000	-2803.918259532308	3636.0	-2811.82496497476	7.906705442451748
4039000	-2801.7461431533056	3636.0	-2809.6613086765683	7.9151655232625
4040000	-2801.504483334305	3637.0	-2809.3549538911393	7.850470556834491
4041000	-2800.41844028044	3638.0	-2808.812799042347	8.394358761907087
4042000	-2800.6527711918297	3639.0	-2809.1255100894846	8.472738897654855
4043000	-2803.0793732530287	3640.0	-2810.0958985052375	7.016525252208816
4044000	-2806.835754768921	3641.0	-2814.818205135123	7.982450366201909
4045000	-2803.3477950684214	3642.0	-2810.344915107095	6.997120038673678
4046000	-2802.673759481054	3643.0	-2810.4953791383336	7.821619657279829
4047000	-2804.286635657728	3644.0	-2811.909809518628	7.623173860900417
4048000	-2802.8678037014733	3645.0	-2811.1318404347576	8.26403673328421
4049000	-2802.2114512364	3645.0	-2810.293091132196	8.08163989579576
4050000	-2804.920987159332	3646.0	-2813.0174941707855	8.096507011453465
4051000	-2802.7590932551097	3647.0	-2810.58212813531	7.823034880200206
4052000	-2801.1342407538978	3648.0	-2809.7129721421034	8.578731388205753
4053000	-2802.609729593067	3649.0	-2810.7884836986245	8.178754105557362
4054000	-2801.085281943124	3650.0	-2809.2203083248887	8.135026381764753
4055000	-2805.5379739240784	3651.0	-2813.000114681169	7.462140757090545
4056000	-2802.4636646409303	3652.0	-2809.756491457861	7.292826816930725
4057000	-2801.914779297032	3653.0	-2809.955169072914	8.040389775881785
4058000	-2802.521979989729	3654.0	-2809.5061668634125	6.984186873683579
4059000	-2802.3416884689914	3654.0	-2810.9303176321255	8.58862916313426
4060000	-2801.4160159450016	3655.0	-2809.6110352891365	8.195019344134966
4061000	-2804.7008180945254	3656.0	-2812.7808289241666	8.080010829641239
4062000	-2803.5369907005124	3657.0	-2811.3226357371027	7.785645036590124
4063000	-2804.243613419732	3658.0	-2812.142882281497	7.899268861765138
4064000	-2805.4667555361807	3659.0	-2813.41054104933	7.943785513149271
4065000	-2800.4205813077756	3660.0	-2809.053366691036	8.632785383260579
4066000	-2802.3708608700376	3661.0	-2810.0418763068437	7.671015436806077
4067000	-2801.7427352215154	3662.0	-2809.787825446816	8.045090225300665
4068000	-2804.690755859382	3663.0	-2812.1991215332996	7.5083656739174085
4069000	-2806.1076450109563	3663.0	-2812.577873128454	6.470228117497596
4070000	-2802.4206633869244	3664.0	-2809.692854937291	7.272191550366732
4071000	-2801.214653315682	3665.0	-2809.689120418879	8.474467103197101
4072000	-2801.144509211182	3666.0	-2809.6183816838843	8.473872472702018
4073000	-2801.5823762941386	3667.0	-2810.1460091772824	8.56363288314364
4074000	-2801.701267084528	3668.0	-2810.4143918112286	8.713124726700734
4075000	-2801.8718827910443	3669.0	-2809.818900844751	7.94701805370674
4076000	-2802.672136714435	3670.0	-2810.2734720126796	7.601335298244656
4077000	-2802.4000818815516	3671.0	-2810.382134062425	7.982052180873529
4078000	-2801.8669611347195	3672.0	-2809.961771442342	8.094810307622609
4079000	-2805.3654130691816	3672.0	-2812.8261204626983	7.460707393516634
4080000	-2803.480782974372	3673.0	-2811.073824290923	7.593041316551058
4081000	-2803.6500490301846	3674.0	-2811.070967742257	7.42091871207246
4082000	-2804.932851071298	3675.0	-2813.276202707517	8.343351636218692
4083000	-2800.3476599759742	3676.0	-2808.7522120609838	8.40455208500968
4084000	-2801.9165732627675	3677.0	-2810.3928153523193	8.476242089551794
4085000	-2801.322068219964	3678.0	-2809.356700384552	8.034632164587833
4086000	-2803.1965841261353	3679.0	-2811.193334840557	7.9967507144216015
4087000	-2801.870787477951	3680.0	-2810.1329622069443	8.262174728993
4088000	-2802.2705020225376	3681.0	-2810.9592905193776	8.688788496839933
4089000	-2801.465154023373	3681.0	-2809.4028808966077	7.937726873234642
4090000	-2802.067476673949	3682.0	-2810.1504267409887	8.082950067039942
4091000	-2802.657108345821	3683.0	-2808.7234368229624	6.066328477141225
4092000	-2804.449295927644	3684.0	-2812.181280684692	7.7319847570480675
4093000	-2800.3466501622147	3685.0	-2808.622174596714	8.275524434499568
4094000	-2803.212571052515	3686.0	-2810.489088041352	7.276516988836793
4095000	-2801.837851190076	3687.0	-2810.206689686783	8.368838496707312
4096000	-2802.5297691530322	3688.0	-2810.4451916078287	7.915422454796432
4097000	-2801.8803871847103	3689.0	-2809.9036452881287	8.023258103418467
4098000	-2805.6574766863964	3690.0	-2809.776911615586	4.11943492918976
4099000	-2804.127662870526	3690.0	-2811.9640118028833	7.836348932357419
4100000	-2802.350098239465	3691.0	-2810.6496998718476	8.299601632382618
4101000	-2802.8519481664925	3692.0	-2811.028977429579	8.177029263086219
4102000	-2805.5789566461053	3693.0	-2812.887677084226	7.308720438120905
4103000	-2801.654996949146	3694.0	-2809.6761916049736	8.02119465582747
4104000	-2802.0010307543566	3695.0	-2809.4363772679408	7.435346513583998
4105000	-2805.2469977210985	3696.0	-2813.4763496328296	8.229351911731026
4106000	-2803.4635382827473	3697.0	-2811.237955897643	7.774417614895862
4107000	-2803.89922064651	3698.0	-2812.733144695689	8.833924049179299
4108000	-2804.452175521473	3699.0	-2811.9146530940434	7.462477572570824
4109000	-2801.3998167431064	3699.0	-2809.9198019142264	8.51998517111998
4110000	-2801.0855526133682	3700.0	-2809.186111632838	8.100559019470047
4111000	-2801.537144679858	3701.0	-2809.6926481041683	8.15550342431
4112000	-2804.9890275504017	3702.0	-2812.359251189734	7.37022363933238
4113000	-2801.639547406927	3703.0	-2809.270866623507	7.631319216580135
4114000	-2801.6290289863373	3704.0	-2809.646077671857	8.017048685519402
4115000	-2802.058393764659	3705.0	-2809.949747946283	7.891354181623911
4116000	-2803.543856345316	3706.0	-2810.771233147547	7.227376802231071
4117000	-2805.279974190509	3707.0	-2813.7745521918305	8.494578001321297
4118000	-2802.106202403732	3708.0	-2810.0727508439654	7.96654844023353
4119000	-2805.0642196870376	3708.0	-2812.3434276300377	7.2792079429999115
4120000	-2804.997779025726	3709.0	-2812.985071549456	7.987292523729867
4121000	-2800.9230844076765	3710.0	-2809.200952435225	8.277868027548642
4122000	-2801.0604612474963	3711.0	-2809.015626387279	7.955165139782981
4123000	-2802.2600897902116	3712.0	-2809.4516768433673	7.191587053155628
4124000	-2801.7615569197606	3713.0	-2809.6557865192267	7.894229599466031
4125000	-2801.5240402809877	3714.0	-2809.72081840648	8.196778125492004
4126000	-2802.9399224018525	3715.0	-2810.018807763502	7.078885361649731
4127000	-2802.5930023911196	3716.0	-2809.92633009645	7.3333277053302055
4128000	-2802.025572536905	3717.0	-2809.920061152107	7.894488615201867
4129000	-2804.1328454228283	3717.0	-2812.262319195827	8.129473772998761
4130000	-2802.311190773227	3718.0	-2809.2605978489646	6.949407075737938
4131000	-2802.663477263088	3719.0	-2809.7765906944032	7.113113431315063
4132000	-2800.862002621491	3720.0	-2808.876607345718	8.014604724227377
4133000	-2801.6464218485257	3721.0	-2809.671608903158	8.02518705463206
4134000	-2802.347057766627	3722.0	-2810.6156719051514	8.268614138524432
4135000	-2800.524692566896	3723.0	-2808.986579457991	8.461886891094775
4136000	-2800.7090973042386	3724.0	-2808.7038783049056	7.994781000667055
4137000	-2802.411409776558	3725.0	-2810.2857098025506	7.874300025992816
4138000	-2802.3022136023123	3726.0	-2810.32597138287	8.023757780557737
4139000	-2804.2980812504256	3726.0	-2811.2928075465684	6.994726296142952
4140000	-2801.658119913945	3727.0	-2809.6584145094453	8.00029459550009
4141000	-2803.026682365537	3728.0	-2810.9346970213273	7.908014655790431
4142000	-2803.4043332733477	3729.0	-2811.7619923204434	8.35765904709588
4143000	-2802.7261043169533	3730.0	-2811.4506222949585	8.724517978005283
4144000	-2802.037393222024	3731.0	-2809.8287493484995	7.791356126475524
4145000	-2802.133394866639	3732.0	-2810.362533456665	8.229138590026075
4146000	-2806.0199087004635	3733.0	-2812.3821664434313	6.3622577429679446
4147000	-2803.735342647786	3734.0	-2812.8320727978166	9.096730150030318
4148000	-2801.9538932490664	3735.0	-2809.7603644977653	7.806471248698922
4149000	-2802.833562785712	3735.0	-2811.216442504356	8.382879718644453
4150000	-2808.4763016238803	3736.0	-2813.562302077993	5.086000454112796
4151000	-2804.636423137476	3737.0	-2812.0850271698578	7.44860403238167
4152000	-2802.723544356914	3738.0	-2811.0005054410485	8.276961084134628
4153000	-2801.3237997965753	3739.0	-2809.9451583501386	8.621358553563322
4154000	-2801.4001086916314	3740.0	-2809.0320415051788	7.631932813547272
4155000	-2802.6221934990235	3741.0	-2810.877562844716	8.255369345692657
4156000	-2806.2275611762147	3742.0	-2813.1917875770205	6.964226400805699
4157000	-2803.99126436882	3743.0	-2812.263246925227	8.271982556407103
4158000	-2804.7678859706125	3744.0	-2812.0304168045304	7.262530833917894
4159000	-2803.901083744115	3744.0	-2811.1531386446622	7.252054900547106
4160000	-2804.4687577185114	3745.0	-2812.771570166842	8.302812448330627
4161000	-2801.7198429775553	3746.0	-2810.106026208765	8.386183231209612
4162000	-2806.902741191876	3747.0	-2815.213685358196	8.310944166319974
4163000	-2801.704870653538	3748.0	-2810.0628228607416	8.357952207203844
4164000	-2801.880895727067	3749.0	-2809.6259959525873	7.745100225520199
4165000	-2800.844836915911	3750.0	-2809.223761654839	8.37892473892803
4166000	-2801.2890063368613	3751.0	-2809.8488025214665	8.55979618460507
4167000	-2801.097465997875	3752.0	-2809.183046509888	8.085580512012559
4168000	-2802.549717058805	3753.0	-2809.9517836000186	7.402066541213779
4169000	-2801.1043557586595	3753.0	-2809.7228906016367	8.618534842977112
4170000	-2801.140425958352	3754.0	-2809.2483739862573	8.107948027905275
4171000	-2801.018440781985	3755.0	-2808.7805940819576	7.762153299972535
4172000	-2801.3816327095296	3756.0	-2810.0149657881566	8.633333078627142
4173000	-2804.2896227318597	3757.0	-2811.891249126437	7.60162639457703
4174000	-2804.031496779229	3758.0	-2811.977960793471	7.9464640142419425
4175000	-2802.3026187748887	3759.0	-2810.987833399868	8.68521462497937
4176000	-2803.7481070414583	3760.0	-2810.726777209953	6.978670168494947
4177000	-2801.082906464106	3761.0	-2808.9902934649645	7.907387000858089
4178000	-2801.9109541694324	3762.0	-2810.4713361308764	8.56038196144374
4179000	-2805.261291904033	3762.0	-2814.378746584035	9.117454680001902
4180000	-2802.251327159728	3763.0	-2809.6432020133907	7.391874853662369
4181000	-2800.9092440671425	3764.0	-2808.698058907219	7.7888148400766
4182000	-2802.851674344875	3765.0	-2810.8338299654365	7.982155620561686
4183000	-2801.4608460924865	3766.0	-2809.592324134253	8.131478041766583
4184000	-2802.2581291256	3767.0	-2810.309743150638	8.051614025037797
4185000	-2807.7651208993952	3768.0	-2815.4027918236457	7.637670924250349
4186000	-2803.0808738852165	3769.0	-2811.9683458617596	8.887471976543305
4187000	-2805.8938138421936	3770.0	-2813.169243439183	7.275429596989465
4188000	-2801.5331216170002	3771.0	-2809.1513769890694	7.618255372069223
4189000	-2802.1077142445906	3771.0	-2808.371343611936	6.263629367345397
4190000	-2803.1242960036343	3772.0	-2811.795424987496	8.671128983861712
4191000	-2801.129196932177	3773.0	-2809.787473821493	8.6582768893165
4192000	-2803.106644634871	3774.0	-2811.192169839592	8.08552520472133
4193000	-2803.5210614929833	3775.0	-2811.8101850642215	8.289123571238338
4194000	-2801.509870147452	3776.0	-2809.9224798084747	8.412609661022515
4195000	-2805.781940885295	3777.0	-2813.4342807015773	7.652339816282069
4196000	-2801.4363752160784	3778.0	-2809.098597238688	7.662222022609366
4197000	-2803.67376035064	3779.0	-2809.299300102154	5.625539751514365
4198000	-2802.5184521644856	3780.0	-2810.7750660512215	8.256613886736158
4199000	-2801.7703769176496	3780.0	-2809.328191088849	7.557814171199417
4200000	-2801.652386128942	3781.0	-2809.1430619723114	7.490675843369463
4201000	-2803.016834786384	3782.0	-2809.9241780740776	6.9073432876935765
4202000	-2802.8819443910447	3783.0	-2810.5141846570878	7.632240266042846
4203000	-2807.229704176802	3784.0	-2814.757293957511	7.52758978070925
4204000	-2802.5863083896643	3785.0	-2810.4010408620143	7.814732472350058
4205000	-2805.6107736947306	3786.0	-2811.387108073413	5.7763343786821935
4206000	-2801.8939209799864	3787.0	-2810.1338975939875	8.239976614000962
4207000	-2802.8142456034507	3788.0	-2811.1223003051655	8.308054701714873
4208000	-2803.075041512512	3789.0	-2811.486357567373	8.411316054860825
4209000	-2801.049975610297	3789.0	-2809.522195249663	8.47221963936602
4210000	-2803.1071538936803	3790.0	-2811.6891124104377	8.581958516757368
4211000	-2801.305764461864	3791.0	-2809.3134199842093	8.00765552234565
4212000	-2802.5120422184755	3792.0	-2811.086088248722	8.57404603024644
4213000	-2806.0076641246897	3793.0	-2814.515164114965	8.507499990275488
4214000	-2801.6899651311237	3794.0	-2810.1652345035845	8.475269372460888
4215000	-2805.925646834977	3795.0	-2812.599592027737	6.673945192759595
4216000	-2801.47094369053	3796.0	-2809.341117848013	7.870174157482906
4217000	-2802.141504086659	3797.0	-2809.960412491333	7.8189084046740165
4218000	-2802.9157681992087	3798.0	-2810.604723288569	7.688955089360202
4219000	-2804.528844627453	3798.0	-2812.977786979618	8.448942352164902
4220000	-2801.3410783127433	3799.0	-2809.667049423697	8.325971110953741
4221000	-2801.388909597255	3800.0	-2809.5652497982687	8.17634020101395
4222000	-2800.999252528611	3801.0	-2809.224337332557	8.22508480394567
4223000	-2802.859372577974	3802.0	-2809.20898080227	6.349608224296
4224000	-2802.6291287567647	3803.0	-2809.7799316985434	7.150802941778835
4225000	-2803.4738968450924	3804.0	-2811.3348533575454	7.860956512452931
4226000	-2801.6591306307632	3805.0	-2809.1737775715014	7.514646940738123
4227000	-2801.209853265751	3806.0	-2809.2896905294565	8.07983726370569
4228000	-2800.783747089959	3807.0	-2809.2513309013516	8.467583811392483
4229000	-2801.9965234219653	3807.0	-2810.4276645665577	8.43114114459233
4230000	-2801.324787962441	3808.0	-2809.3408615780813	8.016073615640403
4231000	-2802.5095838766274	3809.0	-2809.533178429497	7.023594552869791
4232000	-2805.265847536245	3810.0	-2813.632761774817	8.366914238571782
4233000	-2800.7380859053387	3811.0	-2809.170453667082	8.432367761742967
4234000	-2800.496646822319	3812.0	-2808.778643166146	8.28199634382753
4235000	-2808.188435394768	3813.0	-2815.7939456298627	7.605510235094894
4236000	-2802.3144196103053	3814.0	-2810.575194568968	8.260774958662932
4237000	-2804.552566762363	3815.0	-2811.6996437072485	7.14707694488558
4238000	-2801.908853745876	3816.0	-2809.9692847382853	8.060430992409014
4239000	-2804.3622057783155	3816.0	-2812.1268187435458	7.764612965230414
4240000	-2801.634545054752	3817.0	-2809.6485845601014	8.014039505349587
4241000	-2800.747599910279	3818.0	-2808.907823792188	8.160223881909168
4242000	-2802.3886470653533	3819.0	-2810.7490416923974	8.360394627044315
4243000	-2806.3081980742936	3820.0	-2811.688176753534	5.379978679240821
4244000	-2803.9434143375547	3821.0	-2811.5010883708687	7.557674033313845
4245000	-2804.0719555282635	3822.0	-2811.854771151041	7.782815622777269
4246000	-2801.5629798909977	3823.0	-2809.88316377797	8.32018388697223
4247000	-2800.436529903448	3824.0	-2808.5900735893483	8.153543685900193
4248000	-2800.622678631082	3825.0	-2808.920252199712	8.297573568630195
4249000	-2802.8033104458914	3825.0	-2810.545752922553	7.742442476661929
4250000	-2800.449134043787	3826.0	-2808.730595288175	8.28146124438792
4251000	-2803.0348247275774	3827.0	-2811.4934217632454	8.458597035668097
4252000	-2801.4177375781264	3828.0	-2809.7123173722894	8.294579794163118
4253000	-2801.4434848151313	3829.0	-2809.4269229007855	7.983438085654228
4254000	-2803.2671467032255	3830.0	-2810.8542992114644	7.58715250823893
4255000	-2803.8235604868846	3831.0	-2812.322290887503	8.498730400618546
4256000	-2804.215726606624	3832.0	-2812.5390564389204	8.323329832296771
4257000	-2801.1806444110953	3833.0	-2809.2449508232594	8.064306412163964
4258000	-2801.163852984053	3834.0	-2808.7703940814263	7.606541097373292
4259000	-2801.7709575460253	3834.0	-2810.0647884999853	8.293830953960159
4260000	-2801.09418711708	3835.0	-2809.378983688058	8.284796570978123
4261000	-2801.749054399615	3836.0	-2809.578258341099	7.829203941484124
4262000	-2802.538624918577	3837.0	-2810.4021838862636	7.863558967686512
4263000	-2803.7384544860734	3838.0	-2811.3762296816303	7.637775195557106
4264000	-2802.6036379695583	3839.0	-2810.2836608852076	7.68002291564935
4265000	-2801.051454893686	3840.0	-2809.419001293232	8.367546399546406
4266000	-2804.0611728212843	3841.0	-2811.949834503055	7.8886616817708495
4267000	-2803.38177887135	3842.0	-2811.77051187175	8.388733000399839
4268000	-2804.6709488624656	3843.0	-2810.4172783743675	5.746329511901742
4269000	-2800.402952249555	3843.0	-2808.8574568936738	8.454504644118979
4270000	-2801.271974527542	3844.0	-2809.244527630424	7.97255310288157
4271000	-2801.6734026151976	3845.0	-2809.685397747353	8.011995132155233
4272000	-2802.899483838723	3846.0	-2810.0478868343425	7.148402995619756
4273000	-2804.857288012556	3847.0	-2812.812644553322	7.955356540765753
4274000	-2803.4661784634895	3848.0	-2811.395917520481	7.929739056991442
4275000	-2805.1991585091096	3849.0	-2813.75435767061	8.55519916150004
4276000	-2801.9992865775803	3850.0	-2809.2446045225583	7.245317944977921
4277000	-2802.6929886755856	3851.0	-2810.413854032215	7.720865356629263
4278000	-2804.9835019583734	3852.0	-2813.4221331466974	8.438631188323997
4279000	-2802.721494794702	3852.0	-2811.325222777265	8.603727982563369
4280000	-2806.0437650559657	3853.0	-2814.237540230817	8.193775174851366
4281000	-2803.841386638824	3854.0	-2812.7460947381924	8.9047080993682
4282000	-2804.1824927738644	3855.0	-2812.0886167985627	7.906124024698206
4283000	-2802.0419220816584	3856.0	-2809.9821485845446	7.940226502886358
4284000	-2803.431151784855	3857.0	-2812.2230093817398	8.791857596884737
4285000	-2800.9477613875683	3858.0	-2809.531468269359	8.583706881790313
4286000	-2804.2976203236485	3859.0	-2812.8785265287715	8.58090620512292
4287000	-2801.635887512454	3860.0	-2809.807932259727	8.172044747272967
4288000	-2805.9003559371567	3861.0	-2814.3534400066524	8.453084069495707
4289000	-2804.7788359473866	3861.0	-2812.7619046452055	7.983068697818999
4290000	-2805.190693401553	3862.0	-2811.927989758796	6.737296357242762
4291000	-2801.3980766903605	3863.0	-2808.93101857068	7.532941880319565
4292000	-2800.365977111897	3864.0	-2808.559921571124	8.19394445922714
4293000	-2802.0510187142577	3865.0	-2810.184924110653	8.133905396395102
4294000	-2800.819671599212	3866.0	-2809.038924140925	8.21925254171251
4295000	-2802.250761679627	3867.0	-2809.7721617179805	7.52140003835368
4296000	-2803.109710008312	3868.0	-2812.069036474962	8.959326466649927
4297000	-2803.5000095891805	3869.0	-2811.3450984699434	7.845088880762862
4298000	-2802.4511764246085	3870.0	-2810.2808614483506	7.829685023742044
4299000	-2803.023872871835	3870.0	-2810.9344246842147	7.91055181237972
4300000	-2802.3593202185416	3871.0	-2809.8663825697786	7.507062351237132
4301000	-2802.5015516274566	3872.0	-2810.041560870075	7.540009242618554
4302000	-2801.2153518135938	3873.0	-2809.719200513559	8.50384869996525
4303000	-2804.0637241714066	3874.0	-2812.7411382167365	8.677414045329883
4304000	-2803.01006761432	3875.0	-2811.696716748399	8.686649134078625
4305000	-2804.049506255386	3876.0	-2811.6368964874227	7.587390232036667
4306000	-2800.787384516942	3877.0	-2808.919050221947	8.13166570500494
4307000	-2807.476841602717	3878.0	-2813.6152280357164	6.138386432999466
4308000	-2803.5233917864634	3879.0	-2811.647813701014	8.12442191455074
4309000	-2800.6501827612005	3879.0	-2808.9357743565442	8.285591595343572
4310000	-2802.296088103277	3880.0	-2809.6660029579266	7.369914854649913
4311000	-2804.971083369283	3881.0	-2812.8518304441186	7.880747074835462
4312000	-2802.982001083689	3882.0	-2809.831634550898	6.849633467209064
4313000	-2802.8613157808527	3883.0	-2809.0336103059662	6.172294525113616
4314000	-2802.1946800708215	3884.0	-2810.4701155718594	8.275435501037693
4315000	-2801.916292548065	3885.0	-2810.16098347221	8.244690924144987
4316000	-2802.9879630870287	3886.0	-2810.9382963507164	7.9503332636879644
4317000	-2800.3717794424133	3887.0	-2808.56308318495	8.1913037425364
4318000	-2802.8316404429816	3888.0	-2810.7506590784747	7.919018635493263
4319000	-2802.8522637038623	3888.0	-2811.43469142989	8.582427726027461
4320000	-2805.613050261839	3889.0	-2813.90324434902	8.290194087181131
4321000	-2800.093699700244	3890.0	-2808.6292083259473	8.535508625703262
4322000	-2800.639551931108	3891.0	-2809.101969645175	8.462417714066735
4323000	-2802.4540434151318	3892.0	-2810.768138562007	8.314095146875296
4324000	-2802.988088390621	3893.0	-2810.7643470976195	7.776258706998414
4325000	-2802.1982338669363	3894.0	-2808.912742701006	6.714508834069755
4326000	-2806.157445915728	3895.0	-2814.6882363548016	8.530790439073566
4327000	-2801.1349805941463	3896.0	-2809.279304801986	8.14432420783979
4328000	-2808.7554207947355	3897.0	-2813.001957979499	4.246537184763499
4329000	-2802.3570558297715	3897.0	-2809.7879472272207	7.430891397449323
4330000	-2803.300688521672	3898.0	-2811.429841148694	8.129152627021861
4331000	-2801.8049156010916	3899.0	-2810.281810582435	8.47689498134316
4332000	-2802.833494971927	3900.0	-2811.121920891893	8.288425919966075
4333000	-2800.4498298967337	3901.0	-2809.0227014661987	8.572871569464828
4334000	-2801.4875905138724	3902.0	-2809.532866233084	8.045275719211483
4335000	-2801.3093082396726	3903.0	-2809.319309976766	8.010001737093084
4336000	-2805.2130132520288	3904.0	-2812.828983391693	7.615970139663897
4337000	-2804.181716478303	3905.0	-2812.1160092115006	7.934292733197649
4338000	-2801.8701624024316	3906.0	-2809.831191132361	7.961028729929302
4339000	-2804.106703338653	3906.0	-2809.37495463162	5.268251292966811
4340000	-2803.196983002722	3907.0	-2810.69389190259	7.496908899868351
4341000	-2800.67769582476	3908.0	-2809.267086120954	8.589390296194042
4342000	-2802.2684800184675	3909.0	-2810.5031993226244	8.234719304156785
4343000	-2805.952164236085	3910.0	-2812.1203328666415	6.16816863055632
4344000	-2803.8072311584274	3911.0	-2812.086798699412	8.279567540984617
4345000	-2802.022272985874	3912.0	-2810.2792458778626	8.256972891988502
4346000	-2801.961806227567	3913.0	-2810.06358683911	8.101780611542614
4347000	-2801.9577778340404	3914.0	-2809.198262413086	7.2404845790457895
4348000	-2803.494807189776	3915.0	-2809.9233923244374	6.428585134661139
4349000	-2802.2489973707475	3915.0	-2810.23041667658	7.981419305832183
4350000	-2807.061338838647	3916.0	-2815.349501109212	8.288162270564811
4351000	-2802.8523189815	3917.0	-2810.925020135596	8.072701154095546
4352000	-2801.4869578444677	3918.0	-2809.0015182370203	7.5145603925525934
4353000	-2808.6230747306413	3919.0	-2815.991545040554	7.368470309912697
4354000	-2801.273675433943	3920.0	-2809.631116701314	8.357441267371069
4355000	-2804.0523158583	3921.0	-2811.7040219173837	7.651706059083434
4356000	-2803.718200106293	3922.0	-2811.7874640268365	8.06926392054346
4357000	-2804.5472330820667	3923.0	-2812.7365948494985	8.189361767431949
4358000	-2800.9861519148244	3924.0	-2809.1202341619337	8.134082247109403
4359000	-2801.9101381270857	3924.0	-2810.0294754524084	8.11933732532286
4360000	-2804.004822863536	3925.0	-2809.935493127197	5.930670263660751
4361000	-2800.5331954627623	3926.0	-2808.717395020297	8.18419955753451
4362000	-2806.0382733901943	3927.0	-2812.7148115984064	6.676538208212269
4363000	-2802.6884462043013	3928.0	-2811.482891172947	8.794444968645553
4364000	-2801.0389957121715	3929.0	-2809.5088345281624	8.469838815991032
4365000	-2802.182567600795	3930.0	-2810.5304864233462	8.347918822550948
4366000	-2801.6522633110067	3931.0	-2809.8517695047904	8.199506193783915
4367000	-2803.4856396514615	3932.0	-2811.1572718175325	7.671632166070889
4368000	-2805.25740714964	3933.0	-2813.644720909199	8.387313759558738
4369000	-2801.5463315887637	3933.0	-2808.7355709353415	7.189239346577817
4370000	-2804.9021366914562	3934.0	-2813.0273037757675	8.125167084311292
4371000	-2806.9013233552982	3935.0	-2814.716544525586	7.81522117028756
4372000	-2802.9660811515114	3936.0	-2811.08184889512	8.115767743608743
4373000	-2803.14664839529	3937.0	-2810.977165665973	7.830517270683016
4374000	-2806.8897085566923	3938.0	-2814.3627933492908	7.473084792598299
4375000	-2803.2123682756023	3939.0	-2811.7064581985	8.49408992289771
4376000	-2803.933770372888	3940.0	-2812.6009434683265	8.667173095438475
4377000	-2802.017227563785	3941.0	-2809.8163030446235	7.799075480838371
4378000	-2802.4860202147693	3942.0	-2810.225912608323	7.739892393553646
4379000	-2801.785194413082	3942.0	-2809.653673307108	7.868478894025901
4380000	-2805.8007201329538	3943.0	-2813.8662295985664	8.065509465612854
4381000	-2801.443443478588	3944.0	-2809.5435618893653	8.100118410777391
4382000	-2803.544089869756	3945.0	-2810.3987658415017	6.854675971745689
4383000	-2803.123255031934	3946.0	-2811.331065420414	8.207810388479684
4384000	-2803.1298681174894	3947.0	-2811.2306258758517	8.100757758362288
4385000	-2802.6185113647857	3948.0	-2810.8015012562337	8.182989891448004
4386000	-2801.5082255808647	3949.0	-2809.8546920161066	8.346466435241716
4387000	-2801.8319085949115	3950.0	-2810.157886518904	8.3259779239925
4388000	-2803.126824404799	3951.0	-2810.8924296344844	7.765605229685233
4389000	-2800.512154874156	3951.0	-2808.80532636379	8.29317148963382
4390000	-2802.2741932507947	3952.0	-2809.7294309880185	7.455237737223886
4391000	-2801.733528737301	3953.0	-2808.789743839802	7.056215102501016
4392000	-2802.5574683098303	3954.0	-2810.4291868331793	7.871718523349115
4393000	-2803.1724801342357	3955.0	-2810.8638576874996	7.691377553263915
4394000	-2803.8643739322583	3956.0	-2812.2856328747353	8.421258942477031
4395000	-2801.6606488470525	3957.0	-2810.0658095250833	8.405160678030683
4396000	-2802.8827608194406	3958.0	-2811.43597301155	8.553212192109122
4397000	-2804.4692661869594	3959.0	-2810.6216266154092	6.152360428449651
4398000	-2801.5299709630995	3960.0	-2809.6410244228964	8.111053459796764
4399000	-2802.283611150288	3960.0	-2810.0140562838187	7.730445133530946
4400000	-2802.218604681339	3961.0	-2810.1015637942346	7.882959112895662
4401000	-2804.1914917460585	3962.0	-2810.9284202111944	6.736928465135907
4402000	-2804.353301842835	3963.0	-2810.524680002756	6.171378159921007
4403000	-2804.6203364077182	3964.0	-2810.842190317116	6.221853909397972
4404000	-2803.502588165833	3965.0	-2811.679064338505	8.176476172672128
4405000	-2804.054478167432	3966.0	-2812.979449370921	8.924971203488758
4406000	-2801.5761471770456	3967.0	-2809.4788014704386	7.902654293392748
4407000	-2800.551148142106	3968.0	-2808.9473288254385	8.396180683332702
4408000	-2801.0317471471726	3969.0	-2808.9030111750612	7.871264027888574
4409000	-2806.615165296292	3969.0	-2813.0530150180475	6.437849721755344
4410000	-2802.1852079064515	3970.0	-2810.8226364890065	8.637428582554882
4411000	-2804.1603652461513	3971.0	-2813.1454515007895	8.98508625463811
4412000	-2802.630119867877	3972.0	-2810.6967512341926	8.066631366315551
4413000	-2804.048577603064	3973.0	-2812.1998468898228	8.151269286758763
4414000	-2803.6579941346454	3974.0	-2810.957795177743	7.299801043097212
4415000	-2802.725716715467	3975.0	-2810.7587920163423	8.033075300875257
4416000	-2804.685285409348	3976.0	-2810.9591480922754	6.273862682927193
4417000	-2803.2630456596794	3977.0	-2809.537007788437	6.273962128758016
4418000	-2803.474141639527	3978.0	-2811.690963811307	8.216822171780137
4419000	-2803.0775431152183	3978.0	-2810.0705580478893	6.993014932671038
4420000	-2802.98938307412	3979.0	-2811.2858246998394	8.296441625719805
4421000	-2802.4104538713673	3980.0	-2809.861678059144	7.451224187776976
4422000	-2801.845473935679	3981.0	-2809.7230477716857	7.8775738360066825
4423000	-2807.027531621891	3982.0	-2815.121939760512	8.094408138621107
4424000	-2803.190366850634	3983.0	-2811.18142172552	7.99105487488637
4425000	-2803.7032388896096	3984.0	-2811.744874088867	8.041635199257382
4426000	-2802.4271870406283	3985.0	-2810.8654097690805	8.438222728452217
4427000	-2803.314576905966	3986.0	-2811.7735386489235	8.458961742957381
4428000	-2802.5910286348944	3987.0	-2810.054533196194	7.463504561299568
4429000	-2803.6895933546066	3987.0	-2812.422650468382	8.733057113775546
4430000	-2802.4573481796297	3988.0	-2810.5446171223975	8.087268942768086
4431000	-2801.8899884014113	3989.0	-2810.0041505971876	8.114162195776231
4432000	-2803.841859823174	3990.0	-2812.112115389333	8.270255566159054
4433000	-2806.3810106759984	3991.0	-2814.1785953017297	7.797584625731574
4434000	-2805.3423002365353	3992.0	-2813.485944248171	8.143644011635743
4435000	-2805.6498806536433	3993.0	-2814.4251489460567	8.775268292413294
4436000	-2801.8120402763325	3994.0	-2810.0705802127973	8.25853993646466
4437000	-2805.212085004032	3995.0	-2811.8758301693206	6.6637451652888124
4438000	-2803.0230207060426	3996.0	-2809.8706911120435	6.8476704060008045
4439000	-2802.505986352305	3996.0	-2810.212567511759	7.706581159453785
4440000	-2800.719736429402	3997.0	-2809.2848502487036	8.565113819301772
4441000	-2801.981081362555	3998.0	-2809.988730690247	8.007649327691826
4442000	-2802.3931655712804	3999.0	-2809.9251417838564	7.53197621257593
4443000	-2801.068515424843	4000.0	-2809.136175985161	8.067660560318227
4444000	-2802.873080992141	4001.0	-2811.282372707041	8.409291714899997
4445000	-2806.1575277450643	4002.0	-2813.230834028283	7.073306283218772
4446000	-2804.6982556937387	4003.0	-2812.9781105751945	8.279854881455869
4447000	-2806.867930026352	4004.0	-2815.0508940225827	8.182963996230823
4448000	-2801.432880125119	4005.0	-2808.967164096604	7.53428397148511
4449000	-2804.491355935507	4005.0	-2813.028756165668	8.537400230160864
4450000	-2804.643018763581	4006.0	-2813.487462387633	8.844443624052033
4451000	-2802.137890381754	4007.0	-2810.0557049808654	7.917814599111554
4452000	-2801.9389667404316	4008.0	-2808.92072501769	6.981758277258415
4453000	-2802.0709278072645	4009.0	-2810.0261846804156	7.9552568731508275
4454000	-2803.432991103833	4010.0	-2811.811502228802	8.378511124968917
4455000	-2802.052251099165	4011.0	-2810.5563572686033	8.50410616943825
4456000	-2802.4486574772445	4012.0	-2810.3894655867753	7.940808109530921
4457000	-2803.2254479166413	4013.0	-2811.8876669115066	8.662218994865063
4458000	-2805.6358348997796	4014.0	-2811.7049227424186	6.069087842638819
4459000	-2802.696588280812	4014.0	-2810.2875236793034	7.590935398491306
4460000	-2804.2749302267766	4015.0	-2810.0551685157516	5.780238288974838
4461000	-2805.423045026662	4016.0	-2812.067130797735	6.644085771072944
4462000	-2804.856249595704	4017.0	-2811.4602364494344	6.603986853730567
4463000	-2803.757354662568	4018.0	-2812.3754628757815	8.618108213213445
4464000	-2802.8761725392733	4019.0	-2811.0845058279265	8.20833328865321
4465000	-2803.972439232104	4020.0	-2810.3568776183283	6.384438386224332
4466000	-2803.8889194663157	4021.0	-2811.735085203101	7.846165736785032
4467000	-2801.8228024629498	4022.0	-2809.8811289535674	8.058326490617786
4468000	-2804.8706135558914	4023.0	-2811.711883180613	6.841269624721513
4469000	-2802.7686531206837	4023.0	-2810.567707033337	7.799053912652948
4470000	-2801.884365258222	4024.0	-2810.180669287267	8.296304029045226
4471000	-2800.5284709416774	4025.0	-2808.620486924352	8.09201598267465
4472000	-2802.8557864622057	4026.0	-2810.95425603334	8.098469571133853
4473000	-2800.675602715572	4027.0	-2808.722287939638	8.046685224066174
4474000	-2800.428183304851	4028.0	-2808.7304934874205	8.302310182569922
4475000	-2805.3837373234787	4029.0	-2813.258899103053	7.875161779574211
4476000	-2800.2590226954035	4030.0	-2808.45985276466	8.200830069256481
4477000	-2801.989306995463	4031.0	-2810.726847140376	8.737540144913178
4478000	-2801.4953399930027	4032.0	-2809.7683216167607	8.272981623757687
4479000	-2801.9424209722733	4032.0	-2810.1256373883284	8.183216416055117
4480000	-2801.4331854384345	4033.0	-2809.681838677086	8.248653238651736
4481000	-2805.955490008038	4034.0	-2814.8939833720297	8.93849336399174
4482000	-2801.6841142098674	4035.0	-2809.8265654794095	8.14245126954222
4483000	-2804.9160165236244	4036.0	-2812.419348848911	7.50333232528656
4484000	-2802.9278194970493	4037.0	-2809.741644683435	6.813825186385576
4485000	-2803.395327147597	4038.0	-2811.2506107903073	7.85528364271029
4486000	-2800.989447407068	4039.0	-2808.9394833733395	7.950035966271615
4487000	-2800.500868745186	4040.0	-2808.8443172302213	8.34344848503544
4488000	-2800.7106040708445	4041.0	-2809.4615222334196	8.750918162575164
4489000	-2805.2504972762845	4041.0	-2812.4050083235215	7.154511047237267
4490000	-2801.030147134312	4042.0	-2809.2162989327603	8.186151798448236
4491000	-2802.01655573604	4043.0	-2809.8424565448927	7.825900808852714
4492000	-2803.7254884435392	4044.0	-2811.3270437605447	7.601555317005358
4493000	-2802.699963819503	4045.0	-2810.6024190835733	7.902455264070502
4494000	-2802.3184732928053	4046.0	-2810.214913064174	7.896439771369052
4495000	-2803.7970630183504	4047.0	-2811.669207765379	7.8721447470286074
4496000	-2804.8791092644797	4048.0	-2810.101540136349	5.22243087186904
4497000	-2802.545749379055	4049.0	-2810.3808439292347	7.835094550179545
4498000	-2800.6230583663882	4050.0	-2808.8626654375457	8.239607071157653
4499000	-2803.1028935325867	4050.0	-2811.234954533496	8.132061000909145
4500000	-2806.083611376464	4051.0	-2814.2217814519217	8.138170075457635
4501000	-2803.3146079161224	4052.0	-2811.2737058688467	7.959097952724102
4502000	-2801.272829765166	4053.0	-2809.4512174821375	8.178387716971605
4503000	-2806.7436661484157	4054.0	-2814.5538700071006	7.810203858684662
4504000	-2804.6078105804722	4055.0	-2810.920585231624	6.312774651151903
4505000	-2805.7620652676305	4056.0	-2813.3451910342255	7.5831257665949945
4506000	-2803.4181966717097	4057.0	-2811.7529148440804	8.334718172370602
4507000	-2803.394811692361	4058.0	-2811.2241705244887	7.8293588321274985
4508000	-2804.064951725073	4059.0	-2811.956453863172	7.891502138098839
4509000	-2800.821470008929	4059.0	-2808.948558429426	8.127088420497152
4510000	-2801.9001820487083	4060.0	-2808.4410229622385	6.540840913530083
4511000	-2801.4997187814965	4061.0	-2809.5237318306167	8.02401304912034
4512000	-2800.8436036655817	4062.0	-2809.194384181204	8.350780515622283
4513000	-2802.4942303081484	4063.0	-2810.7095920783763	8.215361770227773
4514000	-2807.5321783122054	4064.0	-2814.9150727058823	7.382894393676881
4515000	-2800.7279495308676	4065.0	-2809.053042691328	8.32509316046043
4516000	-2805.3986206305194	4066.0	-2814.177549210257	8.778928579737446
4517000	-2801.426148522367	4067.0	-2808.969806204737	7.543657682369937
4518000	-2800.2740954346414	4068.0	-2808.570318285957	8.296222851315452
4519000	-2802.2922166135395	4068.0	-2810.0705756760067	7.778359062466993
4520000	-2801.9823103351937	4069.0	-2809.509066578565	7.526756243371552
4521000	-2808.546459466283	4070.0	-2813.6979810518087	5.151521585525506
4522000	-2808.8763981514726	4071.0	-2817.55599567587	8.679597524397355
4523000	-2802.445927645714	4072.0	-2810.5545532106003	8.108625564885939
4524000	-2804.9583368251933	4073.0	-2813.5199319177564	8.561595092563266
4525000	-2806.7954739281768	4074.0	-2813.3058747863956	6.510400858218789
4526000	-2805.572196773508	4075.0	-2813.105253651037	7.533056877528749
4527000	-2800.9982840553776	4076.0	-2809.3480069861853	8.349722930807552
4528000	-2802.975124415064	4077.0	-2811.114319263878	8.139194848813897
4529000	-2801.4074040394994	4077.0	-2809.639441962184	8.232037922684313
4530000	-2803.3351347605267	4078.0	-2812.369827871584	9.034693111057488
4531000	-2801.808542865177	4079.0	-2810.6500587199657	8.841515854788472
4532000	-2805.846305952233	4080.0	-2814.7347448072583	8.888438855025392
4533000	-2801.5499770440238	4081.0	-2809.8508956745795	8.30091863055567
4534000	-2800.298201146552	4082.0	-2808.476843304943	8.178642158391074
4535000	-2802.189140596365	4083.0	-2810.700571877118	8.511431280752568
4536000	-2803.9075555597387	4084.0	-2811.876325606729	7.968770046990378
4537000	-2804.4453522217564	4085.0	-2811.836365406021	7.391013184264421
4538000	-2805.8253894740074	4086.0	-2814.1164868481665	8.29109737415925
4539000	-2802.4285377479264	4086.0	-2808.8656904792	6.43715273127353
4540000	-2802.0644371479675	4087.0	-2810.3650659562704	8.300628808303022
4541000	-2804.5183692818387	4088.0	-2811.62864797771	7.110278695871459
4542000	-2801.190721308615	4089.0	-2809.563229187414	8.372507878798627
4543000	-2804.746521605569	4090.0	-2813.4413908403594	8.694869234790708
4544000	-2802.1754273764877	4091.0	-2810.4762106496896	8.30078327320199
4545000	-2801.5817983357088	4092.0	-2810.2165580931787	8.634759757470167
4546000	-2804.252357929608	4093.0	-2811.657680526965	7.405322597357033
4547000	-2800.797727538368	4094.0	-2809.006594418123	8.208866879754869
4548000	-2806.815476483224	4095.0	-2814.885334726465	8.06985824324107
4549000	-2802.265853194314	4095.0	-2810.205060023495	7.939206829181105
4550000	-2803.727132990054	4096.0	-2811.553744364604	7.826611374550034
4551000	-2802.0280186809496	4097.0	-2809.195552773195	7.167534092245088
4552000	-2803.373620954469	4098.0	-2811.463871349242	8.090250394772774
4553000	-2803.3885432378247	4099.0	-2811.7959549863904	8.407411748565696
4554000	-2801.9274738614417	4100.0	-2810.2792136753706	8.351739813928647
4555000	-2804.165337390361	4101.0	-2812.2649745242015	8.09963713384038
4556000	-2804.89457892545	4102.0	-2812.3669235420793	7.4723446166295
4557000	-2801.465209189812	4103.0	-2809.1084557003646	7.643246510552821
4558000	-2802.1831942177073	4104.0	-2810.572670188711	8.389475971003606
4559000	-2801.3807615390215	4104.0	-2808.9981000070047	7.61733846798343
4560000	-2805.9653521152804	4105.0	-2814.112913910265	8.14756179498457
4561000	-2802.894606744782	4106.0	-2810.2667245933553	7.372117848573673
4562000	-2802.019046732147	4107.0	-2810.2886630633257	8.269616331178339
4563000	-2803.5278267893514	4108.0	-2810.7257468882267	7.197920098875241
4564000	-2801.4767072642326	4109.0	-2809.3069920809553	7.83028481672285
4565000	-2801.212186605229	4110.0	-2809.370222997218	8.158036391989402
4566000	-2801.5415034703033	4111.0	-2810.3303994471544	8.788895976851078
4567000	-2802.90329888282	4112.0	-2810.849297866358	7.945998983538284
4568000	-2801.7789523580764	4113.0	-2809.207009142686	7.428056784609419
4569000	-2806.792329027609	4113.0	-2814.062842974914	7.270513947305097
4570000	-2801.676857242271	4114.0	-2809.9381045117034	8.261247269432411
4571000	-2808.913924752273	4115.0	-2815.5730531723816	6.659128420108505
4572000	-2802.3655740246854	4116.0	-2810.4383708353853	8.072796810699726
4573000	-2802.013653263053	4117.0	-2810.6398013838952	8.626148120841906
4574000	-2803.3732164932853	4118.0	-2811.421376157474	8.048159664188349
4575000	-2801.329970814953	4119.0	-2809.8838520277436	8.553881212790431
4576000	-2808.1564727747254	4120.0	-2816.6400292021344	8.483556427408812
4577000	-2802.9799909706567	4121.0	-2809.594486683387	6.614495712730479
4578000	-2800.31927895114	4122.0	-2808.6591879986427	8.339909047502857
4579000	-2801.905596653393	4122.0	-2810.355232274592	8.449635621198698
4580000	-2805.899037053578	4123.0	-2813.8741262374047	7.975089183826716
4581000	-2802.914152638224	4124.0	-2811.564424444605	8.650271806380808
4582000	-2802.8431524357093	4125.0	-2809.526991128801	6.683838693091589
4583000	-2804.037982065681	4126.0	-2812.031479252272	7.993497186591277
4584000	-2801.963180973809	4127.0	-2810.417031892274	8.453850918464894
4585000	-2803.8170489505465	4128.0	-2810.647664031381	6.830615080834565
4586000	-2804.5174649077458	4129.0	-2812.7727989815075	8.255334073761896
4587000	-2801.3159315095754	4130.0	-2809.5480493607984	8.23211785122297
4588000	-2803.8719387937285	4131.0	-2811.1515046806685	7.279565886939881
4589000	-2803.1482103672192	4131.0	-2810.9124034124043	7.764193045184872
4590000	-2802.8488726142828	4132.0	-2810.725993189671	7.877120575388353
4591000	-2804.1083836138796	4133.0	-2812.674380061763	8.56599644788309
4592000	-2802.2773574312637	4134.0	-2810.6382779780047	8.360920546741205
4593000	-2801.7432200724074	4135.0	-2809.2724578563098	7.529237783902468
4594000	-2802.5361144590192	4136.0	-2811.2285417180983	8.69242725907907
4595000	-2809.823323059249	4137.0	-2817.9399935261536	8.116670466904552
4596000	-2803.3680739910783	4138.0	-2809.6206552772765	6.252581286198016
4597000	-2801.476983875686	4139.0	-2809.4464094828704	7.969425607184346
4598000	-2801.982701307966	4140.0	-2809.47280971705	7.49010840908407
4599000	-2802.024429396524	4140.0	-2810.289209630386	8.264780233861796
4600000	-2805.609040451982	4141.0	-2814.4416056600135	8.832565208031486
4601000	-2803.451973144712	4142.0	-2811.4552719213707	8.003298776658536
4602000	-2802.334594158109	4143.0	-2810.157437765915	7.822843607805513
4603000	-2802.6543259065265	4144.0	-2810.736046779387	8.081720872860464
4604000	-2805.206117986299	4145.0	-2814.41566401194	9.209546025641124
4605000	-2805.401741799823	4146.0	-2813.8103653760436	8.408623576220423
4606000	-2802.868547882378	4147.0	-2810.4614918399534	7.59294395757514
4607000	-2802.509686608829	4148.0	-2809.314706485614	6.805019876785014
4608000	-2800.8847738567174	4149.0	-2808.970204230592	8.085430373874715
4609000	-2803.0993895996785	4149.0	-2811.1648082603588	8.065418660680251
4610000	-2801.845348195048	4150.0	-2810.332703911728	8.487355716680229
4611000	-2803.7021573131246	4151.0	-2811.020798697872	7.318641384747271
4612000	-2803.4628682939087	4152.0	-2811.2361261866654	7.773257892756674
4613000	-2811.236562671691	4153.0	-2816.6756778105514	5.439115138860583
4614000	-2800.384744231419	4154.0	-2808.9398409751284	8.555096743709335
4615000	-2801.160018475004	4155.0	-2808.979132455494	7.819113980489691
4616000	-2803.9129370570313	4156.0	-2811.8184993222317	7.905562265200179
4617000	-2802.5066413196478	4157.0	-2811.098486874602	8.591845554953933
4618000	-2802.6572683243335	4158.0	-2810.857232657951	8.199964333617796
4619000	-2800.8444405456953	4158.0	-2809.1303398482755	8.28589930258017
4620000	-2803.557891530811	4159.0	-2811.1075765290907	7.549684998279549
4621000	-2803.3644210591387	4160.0	-2810.3080971410423	6.943676081903466
4622000	-2803.6678420516896	4161.0	-2809.837878033423	6.17003598173306
4623000	-2802.460070702509	4162.0	-2809.7369151533085	7.276844450799622
4624000	-2804.547298034818	4163.0	-2809.845860816024	5.298562781205687
4625000	-2801.0947812677236	4164.0	-2809.488254780479	8.39347351275551
4626000	-2804.662786950915	4165.0	-2812.5165382956025	7.853751344687792
4627000	-2808.4027979930393	4166.0	-2816.353875504722	7.951077511682582
4628000	-2805.269819086461	4167.0	-2811.765304949372	6.4954858629106855
4629000	-2801.9305793191247	4167.0	-2810.558897860511	8.62831854138641
4630000	-2800.8080293846992	4168.0	-2808.8001495110284	7.9921201263290165
4631000	-2801.3297464476746	4169.0	-2809.93640581503	8.606659367355302
4632000	-2803.351968954842	4170.0	-2811.266749925852	7.914780971009776
4633000	-2802.2241231245343	4171.0	-2810.112878806917	7.888755682382463
4634000	-2803.220813118137	4172.0	-2810.8550545103963	7.6342413922591295
4635000	-2801.4085751862244	4173.0	-2809.5306834160897	8.122108229865248
4636000	-2802.318832838121	4174.0	-2810.5588957602345	8.240062922113488
4637000	-2803.6772360911887	4175.0	-2810.0752638855656	6.3980277943769925
4638000	-2800.8179736258608	4176.0	-2809.1267916455354	8.308818019674714
4639000	-2801.1278808173915	4176.0	-2809.571389002203	8.443508184811654
4640000	-2801.838013978018	4177.0	-2809.587943077504	7.749929099485886
4641000	-2801.6270422557222	4178.0	-2809.678127942674	8.051085686951872
4642000	-2800.839581257721	4179.0	-2808.782154996726	7.942573739005189
4643000	-2801.851612160842	4180.0	-2809.9005778698925	8.048965709050778
4644000	-2802.8499319097114	4181.0	-2810.4648460544763	7.6149141447649855
4645000	-2802.50635587625	4182.0	-2811.1296530505206	8.623297174270585
4646000	-2802.0060994771975	4183.0	-2810.48620631109	8.480106833892588
4647000	-2804.2981645534946	4184.0	-2812.8524408930944	8.554276339599836
4648000	-2808.5267722826698	4185.0	-2816.6010090079903	8.074236725320521
4649000	-2803.67946922884	4185.0	-2811.554473293376	7.875004064535832
4650000	-2802.0301914037877	4186.0	-2810.0552633686125	8.025071964824752
4651000	-2801.5715996606723	4187.0	-2809.961179807051	8.389580146378535
4652000	-2801.3736437104126	4188.0	-2809.440942740095	8.067299029682658
4653000	-2802.669108471126	4189.0	-2810.9982540883593	8.329145617233433
4654000	-2802.591445397383	4190.0	-2810.6044141301318	8.012968732748977
4655000	-2803.246300234563	4191.0	-2811.0829488556333	7.836648621070383
4656000	-2804.274396474474	4192.0	-2810.9525812905845	6.67818481611045
4657000	-2801.622724633816	4193.0	-2809.757849869941	8.135125236125113
4658000	-2802.7286712814603	4194.0	-2810.4220607991183	7.693389517657933
4659000	-2800.4808784962993	4194.0	-2808.708106551117	8.227228054817529
4660000	-2804.4804963750266	4195.0	-2812.316224631275	7.835728256248204
4661000	-2805.449735474907	4196.0	-2812.238885778544	6.7891503036370136
4662000	-2805.128181965579	4197.0	-2813.101321606743	7.973139641163721
4663000	-2801.9091377065365	4198.0	-2810.109510213597	8.200372507060523
4664000	-2805.1269066826094	4199.0	-2810.8143752827646	5.687468600155169
4665000	-2800.682590669932	4200.0	-2809.1226492698706	8.440058599938947
4666000	-2802.5523673530297	4201.0	-2809.3427499772165	6.790382624186919
4667000	-2805.1751831547417	4202.0	-2810.6448175029127	5.469634348170787
4668000	-2803.6861893085234	4203.0	-2811.586115046542	7.899925738018727
4669000	-2803.950672937773	4203.0	-2812.1324147697683	8.181741831995177
4670000	-2802.751512263649	4204.0	-2810.187755057306	7.43624279365666
4671000	-2804.392085416822	4205.0	-2812.32522182107	7.933136404248354
4672000	-2803.952422569932	4206.0	-2811.522163948268	7.5697413783361
4673000	-2802.748602237109	4207.0	-2809.624803903084	6.876201665974768
4674000	-2801.1959923698614	4208.0	-2809.40795838163	8.211966011768679
4675000	-2807.6929564349075	4209.0	-2815.075236967673	7.382280532765437
4676000	-2802.2216525863473	4210.0	-2810.0915983994337	7.869945813086314
4677000	-2802.545602496521	4211.0	-2810.33665990563	7.791057409108608
4678000	-2805.799562918732	4212.0	-2811.800955906927	6.001392988194893
4679000	-2802.6455504827863	4212.0	-2808.518638195521	5.873087712734639
4680000	-2804.356194681235	4213.0	-2812.185556682552	7.829362001317007
4681000	-2801.7719824529486	4214.0	-2810.227036151976	8.455053699027275
4682000	-2802.1281433766817	4215.0	-2810.471133770437	8.342990393755526
4683000	-2801.448505032538	4216.0	-2809.961659380853	8.513154348314751
4684000	-2801.0929021084344	4217.0	-2809.372430077685	8.279527969250335
4685000	-2800.4410247972573	4218.0	-2808.8092266349136	8.368201837656375
4686000	-2803.149432220175	4219.0	-2811.6374838868855	8.488051666710174
4687000	-2800.7659830936373	4220.0	-2809.1263318313727	8.360348737735617
4688000	-2802.8407746741127	4221.0	-2810.652835692391	7.812061018278126
4689000	-2801.38346510765	4221.0	-2809.865233979095	8.481768871445388
4690000	-2804.7672461997054	4222.0	-2813.4221385233873	8.654892323681818
4691000	-2801.6478430934276	4223.0	-2808.745856634937	7.09801354150936
4692000	-2801.8243595197423	4224.0	-2809.811375325176	7.987015805433872
4693000	-2802.3678053037243	4225.0	-2810.4901563641774	8.122351060453292
4694000	-2802.0322583930924	4226.0	-2810.0872110572145	8.054952664122002
4695000	-2803.24616705319	4227.0	-2811.207863157707	7.961696104516918
4696000	-2803.584331425827	4228.0	-2811.0616900070295	7.477358581202736
4697000	-2803.350703180823	4229.0	-2812.293070569757	8.942367388934048
4698000	-2801.4174047563115	4230.0	-2809.3000164431355	7.882611686824054
4699000	-2801.8593364942935	4230.0	-2809.6877891797667	7.828452685473008
4700000	-2801.8521787639206	4231.0	-2809.4279019728588	7.575723208938344
4701000	-2805.687363707296	4232.0	-2812.592932624352	6.905568917056429
4702000	-2806.294766995041	4233.0	-2812.8681209700417	6.573353975000829
4703000	-2801.2319992214766	4234.0	-2809.217444488269	7.985445266792494
4704000	-2802.7544646972997	4235.0	-2810.8971300849566	8.14266538765697
4705000	-2803.7221189932143	4236.0	-2810.207602170046	6.485483176831569
4706000	-2801.5670167382186	4237.0	-2809.5133649097065	7.9463481714881015
4707000	-2804.664676496414	4238.0	-2812.1654489156717	7.50077241925766
4708000	-2801.9178962962055	4239.0	-2810.622466274264	8.704569978058307
4709000	-2802.299970671059	4239.0	-2810.491307159117	8.191336488057955
4710000	-2808.2507135002015	4240.0	-2816.847409351829	8.596695851627164
4711000	-2800.881434297708	4241.0	-2808.935121659088	8.053687361380092
4712000	-2805.6256198221895	4242.0	-2813.527457910822	7.901838088632484
4713000	-2802.7717973504	4243.0	-2810.6480400184464	7.876242668046246
4714000	-2804.989197276667	4244.0	-2813.3503781292907	8.361180852623857
4715000	-2800.688016788887	4245.0	-2808.839573852589	8.151557063702189
4716000	-2801.4275710669212	4246.0	-2809.53828688848	8.110715821558694
4717000	-2800.1891383749585	4247.0	-2808.535470443476	8.346332068517242
4718000	-2803.2481375354764	4248.0	-2811.0345519455514	7.786414410074848
4719000	-2803.2662269773996	4248.0	-2811.278480334676	8.01225335727642
4720000	-2802.093321619318	4249.0	-2810.208051775085	8.114730155767326
4721000	-2801.317473648751	4250.0	-2809.0894553227185	7.77198167396763
4722000	-2808.6428700663814	4251.0	-2815.604032328667	6.961162262285652
4723000	-2803.4562314871823	4252.0	-2812.018017827266	8.56178634008345
4724000	-2801.9121820145056	4253.0	-2810.447823249975	8.535641235469374
4725000	-2804.4348657613205	4254.0	-2812.073059403749	7.638193642428469
4726000	-2801.089540507847	4255.0	-2808.9966035096745	7.907063001827664
4727000	-2801.5283573813235	4256.0	-2810.1451517906016	8.61679440927805
4728000	-2802.302292241795	4257.0	-2810.120332907666	7.8180406658710675
4729000	-2805.7580722185717	4257.0	-2813.697297572742	7.939225354170304
4730000	-2806.934185320737	4258.0	-2813.003357399524	6.069172078786962
4731000	-2801.213158197616	4259.0	-2808.8717265324726	7.658568334856765
4732000	-2804.6374888735177	4260.0	-2812.5256197063836	7.888130832866078
4733000	-2801.1606802360034	4261.0	-2809.3944204922727	8.2337402562692
4734000	-2802.446701366557	4262.0	-2809.758828656957	7.312127290399843
4735000	-2805.8862494601267	4263.0	-2813.796995203014	7.910745742887231
4736000	-2801.640363463949	4264.0	-2809.666313466295	8.025950002345873
4737000	-2801.3775308572035	4265.0	-2809.48012812434	8.102597267136442
4738000	-2800.866556495789	4266.0	-2809.356674234862	8.490117739072904
4739000	-2801.676480717371	4266.0	-2809.9633680431284	8.286887325757526
4740000	-2800.5392813013095	4267.0	-2808.8408414716328	8.30156017032304
4741000	-2801.7604839020796	4268.0	-2809.440355867931	7.679871965851203
4742000	-2803.238854735673	4269.0	-2810.738748998085	7.499894262411861
4743000	-2803.7069439941974	4270.0	-2811.6257890755305	7.91884508133318
4744000	-2803.16062816437	4271.0	-2811.524412500598	8.363784336227809
4745000	-2803.181016998857	4272.0	-2810.0420366704707	6.861019671613528
4746000	-2800.561574150974	4273.0	-2808.821077265726	8.25950311475215
4747000	-2804.0222316150293	4274.0	-2810.0400667226572	6.017835107627944
4748000	-2800.6326143965393	4275.0	-2809.190883475288	8.55826907874878
4749000	-2802.119618907053	4275.0	-2810.108570199993	7.98895129294028
4750000	-2801.12360640698	4276.0	-2809.4091874986443	8.285581091664293
4751000	-2801.472330637829	4277.0	-2809.4120606478546	7.939730010025293
4752000	-2805.197261054353	4278.0	-2812.805640954228	7.6083798998746115
4753000	-2804.008894928982	4279.0	-2810.746049673403	6.737154744420692
4754000	-2802.4502191406377	4280.0	-2811.1948938720566	8.744674731419043
4755000	-2805.4210296055276	4281.0	-2812.7201167010467	7.299087095518935
4756000	-2802.356471613237	4282.0	-2810.447026619913	8.090555006675714
4757000	-2801.0477833607406	4283.0	-2808.498577997356	7.450794636615416
4758000	-2803.5530329555263	4284.0	-2811.5761651077364	8.023132152210124
4759000	-2805.7498537479787	4284.0	-2810.671261134921	4.9214073869426915
4760000	-2804.6194366214754	4285.0	-2812.7361735691434	8.116736947667736
4761000	-2801.152320168802	4286.0	-2809.4650218368038	8.312701668001974
4762000	-2806.5577955186977	4287.0	-2814.212692617354	7.654897098656379
4763000	-2801.508364633058	4288.0	-2809.799132852947	8.290768219888982
4764000	-2802.003014773628	4289.0	-2810.140485447809	8.137470674181209
4765000	-2803.495741864727	4290.0	-2811.2478831536237	7.752141288896641
4766000	-2805.552131036875	4291.0	-2813.7621592695637	8.210028232688902
4767000	-2803.976609708362	4292.0	-2812.8551647612735	8.878555052911562
4768000	-2804.131126617598	4293.0	-2810.982772694999	6.851646077400887
4769000	-2801.0629833510075	4293.0	-2809.4048506783674	8.341867327359981
4770000	-2800.81575828333	4294.0	-2808.9877535073624	8.171995224032433
4771000	-2801.377411795659	4295.0	-2808.9273863902913	7.549974594632198
4772000	-2802.872677520268	4296.0	-2810.8272668795908	7.954589359322484
4773000	-2803.2239123659365	4297.0	-2811.0547584692795	7.830846103342948
4774000	-2800.623967242963	4298.0	-2808.802768746115	8.17880150315225
4775000	-2802.705459499623	4299.0	-2810.4926361053795	7.787176605756336
4776000	-2806.6745264724386	4300.0	-2809.9033558890783	3.2288294166394813
4777000	-2800.852561010832	4301.0	-2809.0119478096117	8.159386798779956
4778000	-2806.8294894012015	4302.0	-2814.71407181112	7.884582409918549
4779000	-2807.109762175446	4302.0	-2815.3469256337903	8.237163458343963
4780000	-2802.97926419686	4303.0	-2809.327411298514	6.348147101654108
4781000	-2802.825827208405	4304.0	-2810.8140542563074	7.988227047902383
4782000	-2802.4932466469886	4305.0	-2810.864771636528	8.371524989539676
4783000	-2803.0565665801564	4306.0	-2810.186756671532	7.130190091375363
4784000	-2800.6122219793515	4307.0	-2809.306150972178	8.693928992826422
4785000	-2807.8140529699067	4308.0	-2815.852328588262	8.03827561835531
4786000	-2801.4769608202337	4309.0	-2809.9609738566996	8.48401303646596
4787000	-2802.4039148311126	4310.0	-2810.1315349110464	7.727620079933679
4788000	-2802.3808266031974	4311.0	-2810.6214339087865	8.240607305588917
4789000	-2802.381426839458	4311.0	-2810.629576410421	8.248149570963225
4790000	-2800.488731707332	4312.0	-2808.6985387928053	8.209807085473207
4791000	-2802.1737408377703	4313.0	-2810.4320007780207	8.258259940250541
4792000	-2803.9611698813324	4314.0	-2811.9524544661917	7.991284584859545
4793000	-2805.154218854174	4315.0	-2811.583363702515	6.429144848341117
4794000	-2802.4237932579877	4316.0	-2809.5094475037263	7.085654245738448
4795000	-2801.8496664919494	4317.0	-2810.3103999179507	8.460733426001262
4796000	-2801.5467825149253	4318.0	-2808.9347068830252	7.387924368100116
4797000	-2804.2805773464743	4319.0	-2812.7154932315993	8.434915885125122
4798000	-2802.181311349349	4320.0	-2810.9467391587145	8.765427809365447
4799000	-2801.074144963025	4320.0	-2809.1470277312847	8.072882768259714
4800000	-2801.9607475225293	4321.0	-2810.6869637292575	8.726216206728353
4801000	-2801.29043224435	4322.0	-2809.320730044602	8.03029780025198
4802000	-2803.5153764666975	4323.0	-2812.081536206569	8.566159739871793
4803000	-2807.0131599809147	4324.0	-2813.4384047031863	6.42524472227144
4804000	-2802.031436945795	4325.0	-2810.1961640918253	8.164727146030119
4805000	-2800.9216489213604	4326.0	-2809.490639774844	8.568990853483891
4806000	-2802.1759128862886	4327.0	-2809.679707675052	7.503794788763745
4807000	-2800.8044397144517	4328.0	-2809.0596953721174	8.255255657665469
4808000	-2803.764165971559	4329.0	-2811.588134322714	7.823968351154512
4809000	-2802.8976126749967	4329.0	-2810.6916766593317	7.794063984335203
4810000	-2801.6187355718907	4330.0	-2809.416469515867	7.7977339439762146
4811000	-2802.550315259314	4331.0	-2810.7706874451155	8.22037218580141
4812000	-2802.546565435454	4332.0	-2810.664595438135	8.118030002681412
4813000	-2803.9644431302386	4333.0	-2809.527361871957	5.5629187417182795
4814000	-2808.9571741789805	4334.0	-2817.1046918011366	8.147517622156256
4815000	-2800.123462635974	4335.0	-2808.5143710218413	8.390908385867046
4816000	-2804.580889681925	4336.0	-2812.2985243955663	7.717634713641353
4817000	-2806.0298247560395	4337.0	-2813.3203340892233	7.290509333183905
4818000	-2813.799841832375	4338.0	-2819.0181670253196	5.218325192944551
4819000	-2800.585344832643	4338.0	-2808.786588122035	8.20124328939217
4820000	-2800.8171421226166	4339.0	-2809.1204177294294	8.303275606812928
4821000	-2806.877812543811	4340.0	-2814.8546497786833	7.976837234872093
4822000	-2800.815774429554	4341.0	-2809.266503898779	8.450729469225035
4823000	-2800.818126454423	4342.0	-2809.170157510333	8.352031055910343
4824000	-2802.4752660852096	4343.0	-2810.954959020326	8.479692935116574
4825000	-2801.9430107229855	4344.0	-2809.851581768064	7.908571045078792
4826000	-2803.303059021884	4345.0	-2812.1735793523208	8.870520330436836
4827000	-2803.113788988374	4346.0	-2810.946864275588	7.833075287214036
4828000	-2805.5961436809844	4347.0	-2814.5166268328276	8.920483151843166
4829000	-2802.4822150704013	4347.0	-2810.8049180605617	8.322702990160604
4830000	-2802.2771897134644	4348.0	-2810.7365918103055	8.459402096841142
4831000	-2802.1615054208537	4349.0	-2810.1548822212358	7.993376800382036
4832000	-2804.5238076609285	4350.0	-2812.4140932510177	7.890285590089161
4833000	-2801.3228855836546	4351.0	-2809.3135149315817	7.990629347926901
4834000	-2804.7508540901163	4352.0	-2812.893706395707	8.142852305590605
4835000	-2802.2919531297425	4353.0	-2810.9737971403074	8.681844010564879
4836000	-2806.7078012747374	4354.0	-2814.5191757104776	7.811374435740102
4837000	-2810.0411135120276	4355.0	-2817.6311192901244	7.590005778096674
4838000	-2802.5891967109937	4356.0	-2810.9297861730365	8.340589462042857
4839000	-2801.5428949627026	4356.0	-2809.483080629659	7.940185666956543
4840000	-2807.54329216008	4357.0	-2813.82082564009	6.277533480009817
4841000	-2804.053714817959	4358.0	-2812.2915141060184	8.237799288059454
4842000	-2804.4092916516593	4359.0	-2810.286391525288	5.877099873628769
4843000	-2803.2700486886088	4360.0	-2811.3010602560707	8.03101156746219
4844000	-2802.591409152585	4361.0	-2810.215141191575	7.623732038990023
4845000	-2806.9172689231805	4362.0	-2815.13065060083	8.21338167764941
4846000	-2801.5662540841467	4363.0	-2809.5470638490024	7.980809764855514
4847000	-2801.5782961500886	4364.0	-2809.5716814169823	7.993385266893769
4848000	-2802.294414251499	4365.0	-2810.947476215987	8.653061964488225
4849000	-2801.8660932657017	4365.0	-2810.2732930819734	8.407199816271865
4850000	-2800.7572118534104	4366.0	-2808.791363604859	8.03415175144841
4851000	-2804.1180801815226	4367.0	-2812.139335630076	8.021255448553502
4852000	-2802.5554550180186	4368.0	-2810.8901402224305	8.334685204412146
4853000	-2801.52006528448	4369.0	-2809.751699667206	8.231634382726202
4854000	-2801.5315401585763	4370.0	-2809.9290594066943	8.39751924811788
4855000	-2801.3468382849105	4371.0	-2809.7479584860307	8.40112020111997
4856000	-2801.2481963349346	4372.0	-2809.6773060694077	8.429109734472888
4857000	-2805.0623546221336	4373.0	-2812.488755849464	7.426401227330281
4858000	-2803.8850488946564	4374.0	-2812.2734549041347	8.388406009478356
4859000	-2805.3232640017604	4374.0	-2810.7257418806216	5.402477878861115
4860000	-2800.4908424330342	4375.0	-2808.7500987275043	8.259256294470049
4861000	-2801.634252001586	4376.0	-2810.0325773496515	8.398325348065455
4862000	-2804.8591187891193	4377.0	-2812.855254799623	7.9961360105034025
4863000	-2804.456044266268	4378.0	-2811.01608155507	6.5600372888022696
4864000	-2803.5973800226006	4379.0	-2811.880179209016	8.282799186415566
4865000	-2802.9335623160705	4380.0	-2810.830470785029	7.896908468958539
4866000	-2802.4764884239917	4381.0	-2809.435721557456	6.9592331334641795
4867000	-2801.834075427749	4382.0	-2809.492580937763	7.658505510013647
4868000	-2804.525216117112	4383.0	-2812.226089923292	7.700873806179956
4869000	-2801.5884111959544	4383.0	-2810.0602886889446	8.471877492990265
4870000	-2803.763490773267	4384.0	-2811.8131358463265	8.049645073059288
4871000	-2800.0073197485663	4385.0	-2808.4296757588045	8.422356010238016
4872000	-2801.423653782421	4386.0	-2808.9311172786197	7.50746349619893
4873000	-2801.6322231488452	4387.0	-2810.017734815627	8.385511666782012
4874000	-2801.4840559999448	4388.0	-2808.8783456685683	7.394289668623554
4875000	-2802.4034040063925	4389.0	-2810.6597982146573	8.25639420826473
4876000	-2802.9328974545074	4390.0	-2810.547173288242	7.614275833734647
4877000	-2803.52032385811	4391.0	-2811.8416029329137	8.321279074803673
4878000	-2801.7335509886043	4392.0	-2809.307303319663	7.573752331058752
4879000	-2801.6490658511602	4392.0	-2809.8205397647125	8.171473913552353
4880000	-2802.7671974753284	4393.0	-2810.262787285761	7.495589810432721
4881000	-2801.31607768671	4394.0	-2809.381357186635	8.065279499925214
4882000	-2803.320056146512	4395.0	-2811.131068983592	7.811012837079862
4883000	-2803.4342984193336	4396.0	-2811.2257196337996	7.791421214466069
4884000	-2803.1278998731545	4397.0	-2811.522589770626	8.394689897471514
4885000	-2800.757522761282	4398.0	-2809.3813436173887	8.623820856106793
4886000	-2801.4842315978203	4399.0	-2809.4178939441626	7.933662346342424
4887000	-2804.2026822313373	4400.0	-2810.633034319977	6.430352088639876
4888000	-2802.160075840201	4401.0	-2810.46514179027	8.305065950069142
4889000	-2804.3471149118195	4401.0	-2811.787596461549	7.440481549729388
4890000	-2801.2039459171897	4402.0	-2809.1667407349005	7.962794817710913
4891000	-2802.897368822741	4403.0	-2809.333055354494	6.435686531752864
4892000	-2801.1930665671434	4404.0	-2809.653423146112	8.46035657896862
4893000	-2803.17212333801	4405.0	-2811.398640148262	8.226516810252258
4894000	-2801.5581995347516	4406.0	-2809.154631355892	7.596431821140319
4895000	-2800.4700845000493	4407.0	-2808.817730937694	8.347646437644364
4896000	-2803.6438885226025	4408.0	-2811.6147048321286	7.970816309525861
4897000	-2804.17697258356	4409.0	-2813.3021123838494	9.125139800289054
4898000	-2803.1991796662933	4410.0	-2811.274428423266	8.075248756972337
4899000	-2801.62263757784	4410.0	-2810.0054217736247	8.382784195784357
4900000	-2800.898753005981	4411.0	-2808.5480433776274	7.649290371646608
4901000	-2801.445768855783	4412.0	-2809.835069602621	8.389300746837549
4902000	-2802.569187784792	4413.0	-2810.5322971821834	7.963109397391017
4903000	-2802.962813477657	4414.0	-2811.1248064847705	8.161993007113407
4904000	-2802.624459552582	4415.0	-2810.5454998568166	7.921040304234861
4905000	-2804.2240998366647	4416.0	-2811.633522754314	7.4094229176493105
4906000	-2801.6646404046405	4417.0	-2809.371645792331	7.70700538769053
4907000	-2801.468700324617	4418.0	-2809.936660809709	8.467960485091513
4908000	-2802.7460701578852	4419.0	-2811.1321877729065	8.38611761502114
4909000	-2804.7020774233797	4419.0	-2811.5219181464136	6.819840723033632
4910000	-2802.7851653334114	4420.0	-2809.8408384221775	7.055673088765849
4911000	-2800.4314033205487	4421.0	-2808.59621374562	8.164810425071256
4912000	-2804.1085583386307	4422.0	-2812.68478720042	8.576228861789117
4913000	-2810.4270826106094	4423.0	-2819.4033844726773	8.976301862067748
4914000	-2802.7083126215607	4424.0	-2811.0208195315804	8.312506910019673
4915000	-2803.794547881634	4425.0	-2811.32999078676	7.535442905125622
4916000	-2801.1309732216523	4426.0	-2808.5254493002294	7.394476078577182
4917000	-2804.6540640335647	4427.0	-2809.2353773067703	4.581313273205732
4918000	-2802.386334519105	4428.0	-2809.947695550031	7.561361030925839
4919000	-2800.692400517412	4428.0	-2808.9476045340884	8.255204016676489
4920000	-2803.9904869632874	4429.0	-2812.041735767583	8.051248804295358
4921000	-2803.378385225773	4430.0	-2811.873431575977	8.495046350203957
4922000	-2804.2168106315953	4431.0	-2812.9166820209293	8.699871389333873
4923000	-2804.805854781239	4432.0	-2811.8401104600784	7.034255678839412
4924000	-2802.005589301823	4433.0	-2810.2788647221587	8.273275420335608
4925000	-2804.744352319275	4434.0	-2812.6906754692995	7.946323150024288
4926000	-2804.244167066658	4435.0	-2811.838297431866	7.594130365208142
4927000	-2803.2302239479004	4436.0	-2811.651900883549	8.421676935648708
4928000	-2801.6210772972518	4437.0	-2810.1094981875704	8.488420890318519
4929000	-2802.5194968497926	4437.0	-2810.3370219260473	7.81752507625448
4930000	-2811.2528574877438	4438.0	-2819.948893051073	8.696035563329339
4931000	-2802.5061767033308	4439.0	-2811.262918042573	8.756741339241911
4932000	-2800.7040151567016	4440.0	-2808.6882270276096	7.984211870907867
4933000	-2801.694122407054	4441.0	-2809.8630541875877	8.168931780534063
4934000	-2801.146575815137	4442.0	-2809.2325629112142	8.085987096077073
4935000	-2800.944449044626	4443.0	-2809.073188439525	8.12873939489926
4936000	-2801.8034606353326	4444.0	-2810.4177921742785	8.614331538945741
4937000	-2802.0833151918378	4445.0	-2810.8435028279932	8.760187636155639
4938000	-2802.582695645872	4446.0	-2811.1454107627064	8.562715116834788
4939000	-2800.8376332241164	4446.0	-2808.4350056153035	7.597372391187223
4940000	-2802.7550022425885	4447.0	-2809.7062990333934	6.951296790804985
4941000	-2801.8584117675664	4448.0	-2809.3029774456036	7.444565678037073
4942000	-2802.595463649709	4449.0	-2810.634620011945	8.039156362236074
4943000	-2806.314338023016	4450.0	-2810.7000494841063	4.385711461090468
4944000	-2802.9481572223713	4451.0	-2810.6582641908103	7.710106968438982
4945000	-2805.3325423497818	4452.0	-2813.179037403093	7.846495053311092
4946000	-2802.2009182697648	4453.0	-2809.71761947329	7.516701203525528
4947000	-2801.960361145985	4454.0	-2810.203607098536	8.24324595255078
4948000	-2802.449524162192	4455.0	-2810.3316778115154	7.882153649323439
4949000	-2802.416545960942	4455.0	-2810.380006519284	7.963460558341799
4950000	-2802.164125247966	4456.0	-2810.206275998064	8.04215075009846
4951000	-2801.2847154519973	4457.0	-2809.5383854002025	8.253669948205271
4952000	-2801.1938680338944	4458.0	-2809.491857529491	8.297989495596351
4953000	-2804.335764103507	4459.0	-2810.8528589129155	6.517094809408533
4954000	-2801.7186488764874	4460.0	-2810.5560646427166	8.8374157662291
4955000	-2802.3706031723377	4461.0	-2810.461411438521	8.090808266183025
4956000	-2803.969098019373	4462.0	-2811.8489845699996	7.879886550626619
4957000	-2801.665011422062	4463.0	-2810.2820840575478	8.617072635485645
4958000	-2802.810790010702	4464.0	-2810.895277230994	8.084487220291845
4959000	-2801.623501038899	4464.0	-2809.7575297818967	8.134028742997392
4960000	-2801.216533337251	4465.0	-2809.391174917511	8.174641580260017
4961000	-2800.104157565067	4466.0	-2808.591446706754	8.487289141687203
4962000	-2802.2222485178418	4467.0	-2810.898317967276	8.676069449434145
4963000	-2802.5291173622504	4468.0	-2809.8826082582314	7.353490895980976
4964000	-2804.657825275081	4469.0	-2810.905771447746	6.247946172664952
4965000	-2809.084652721229	4470.0	-2817.9602507826803	8.875598061451445
4966000	-2807.556449963827	4471.0	-2813.655393177609	6.098943213781741
4967000	-2804.0101511460894	4472.0	-2811.902815730701	7.892664584611907
4968000	-2800.56583194937	4473.0	-2808.911080879233	8.345248929862962
4969000	-2802.2453668749386	4473.0	-2810.228656510138	7.983289635199692
4970000	-2803.3071488049723	4474.0	-2812.142292230225	8.835143425252895
4971000	-2803.0161457327595	4475.0	-2810.031055693826	7.01490996106661
4972000	-2803.480219479593	4476.0	-2812.500840171268	9.020620691675012
4973000	-2800.396422856672	4477.0	-2808.5781204945597	8.181697637887588
4974000	-2800.3854010727678	4478.0	-2808.7419062806707	8.356505207903007
4975000	-2808.644181008652	4479.0	-2813.4050247664873	4.760843757835206
4976000	-2801.237418023573	4480.0	-2809.3120086721506	8.074590648577463
4977000	-2802.513720935591	4481.0	-2810.849201240262	8.335480304670709
4978000	-2801.903574308994	4482.0	-2809.8644175244794	7.96084321548553
4979000	-2803.0585928999394	4482.0	-2810.434143913156	7.375551013216573
4980000	-2801.3042512475577	4483.0	-2809.1260151318543	7.821763884296793
4981000	-2802.4455866561007	4484.0	-2809.704270627658	7.258683971557108
4982000	-2804.336412752573	4485.0	-2812.0189053972367	7.682492644664076
4983000	-2804.1067994975615	4486.0	-2811.441447609218	7.334648111656305
4984000	-2801.6810947244885	4487.0	-2809.6064335358765	7.925338811387938
4985000	-2802.799315080506	4488.0	-2811.3305391640656	8.531224083559867
4986000	-2801.6344555605283	4489.0	-2809.3100117082713	7.675556147742817
4987000	-2800.307735428768	4490.0	-2808.7184398193385	8.410704390570437
4988000	-2800.789040429934	4491.0	-2809.0069696610726	8.217929231138596
4989000	-2802.811343560553	4491.0	-2810.7047579469504	7.893414386397553
4990000	-2801.7960430795592	4492.0	-2809.4338230931285	7.637780013569358
4991000	-2802.2371755397485	4493.0	-2809.929029286773	7.691853747024514
4992000	-2802.6115843769953	4494.0	-2811.098126711705	8.48654233470957
4993000	-2803.3552954613265	4495.0	-2810.4264150396925	7.071119578365956
4994000	-2809.739397385347	4496.0	-2817.4367493415616	7.697351956214963
4995000	-2800.9792965232887	4497.0	-2809.71217182341	8.732875300121117
4996000	-2802.8740939147638	4498.0	-2810.926761405493	8.052667490729212
4997000	-2800.4220846571748	4499.0	-2808.374412010013	7.952327352838427
4998000	-2803.252618686269	4500.0	-2811.7186587602364	8.466040073967061
4999000	-2803.783498233943	4500.0	-2811.2210410192656	7.437542785322455
5000000	-2802.0817483459896	4501.0	-2809.666078784833	7.58433043884345
5001000	-2804.791507052863	4502.0	-2813.4023106103045	8.610803557441777
5002000	-2800.968740824588	4503.0	-2809.5614962948166	8.592755470228228
5003000	-2800.921534148915	4504.0	-2809.1650964960736	8.243562347158568
5004000	-2801.656732040439	4505.0	-2809.612489579823	7.955757539384388
5005000	-2803.1055868082854	4506.0	-2811.010814187305	7.9052273790197365
5006000	-2804.9782584712466	4507.0	-2811.252519212882	6.274260741635319
5007000	-2801.6294226381874	4508.0	-2809.5161314469274	7.886708808739996
5008000	-2802.33568384282	4509.0	-2810.152146083756	7.816462240936362
5009000	-2800.7707535143704	4509.0	-2808.7817255509144	8.010972036543794
5010000	-2802.0160844975912	4510.0	-2809.607450930319	7.591366432727876
5011000	-2803.318646698631	4511.0	-2811.6235360658575	8.304889367226542
5012000	-2803.648683097795	4512.0	-2811.788293801226	8.13961070343049
5013000	-2805.9812459116115	4513.0	-2812.086465921023	6.105220009411259
5014000	-2803.1637788946473	4514.0	-2811.3166081391546	8.15282924450724
5015000	-2805.5091152638906	4515.0	-2814.378182843806	8.86906757991516
5016000	-2802.9322379182136	4516.0	-2811.386749198777	8.4545112805634
5017000	-2802.413242510132	4517.0	-2809.2079305365414	6.794688026409555
5018000	-2804.6374930350103	4518.0	-2812.829153243102	8.191660208091664
5019000	-2801.108980287292	4518.0	-2809.6881862239306	8.579205936638791
5020000	-2803.933349293328	4519.0	-2812.057638190855	8.124288897527183
5021000	-2801.0484580966895	4520.0	-2809.355007347648	8.30654925095859
5022000	-2801.5988133072224	4521.0	-2809.3611002578127	7.762286950590366
5023000	-2801.3274844590305	4522.0	-2809.219956445028	7.892471985997644
5024000	-2808.1371372358562	4523.0	-2814.976254637943	6.839117402086614
5025000	-2803.5716678763865	4524.0	-2809.063998123293	5.492330246906663
5026000	-2801.603840433623	4525.0	-2810.1605195734473	8.55667913982412
5027000	-2801.3071092341793	4526.0	-2809.1905950601285	7.883485825949426
5028000	-2804.242502502805	4527.0	-2812.606914020518	8.364411517712831
5029000	-2800.9034989855163	4527.0	-2809.494366041148	8.590867055631902
5030000	-2802.29746636764	4528.0	-2810.335222013936	8.037755646295667
5031000	-2807.1029811615085	4529.0	-2814.869832093539	7.766850932030582
5032000	-2800.3827571870147	4530.0	-2808.6247737187887	8.242016531774036
5033000	-2803.692677080897	4531.0	-2810.867418955515	7.174741874618113
5034000	-2802.916842719528	4532.0	-2810.7022346913022	7.7853919717739295
5035000	-2804.6773271037077	4533.0	-2812.5959671764103	7.9186400727026065
5036000	-2804.5982570211545	4534.0	-2812.4370886293723	7.838831608217812
5037000	-2800.7505428061163	4535.0	-2809.3781862867586	8.627643480642202
5038000	-2803.440788307947	4536.0	-2812.2552760117605	8.814487703813402
5039000	-2801.365579099021	4536.0	-2809.5324566217823	8.166877522761514
5040000	-2802.0927865249446	4537.0	-2810.4551751845643	8.362388659619509
5041000	-2801.941536562911	4538.0	-2810.387647001321	8.446110438409843
5042000	-2806.633755292444	4539.0	-2814.352578266783	7.718822974338963
5043000	-2806.4487376605493	4540.0	-2812.190148745352	5.741411084802685
5044000	-2804.0722939735774	4541.0	-2811.9447450531916	7.872451079614173
5045000	-2800.6136436921656	4542.0	-2808.6956295020996	8.081985809934107
5046000	-2804.210490624872	4543.0	-2812.2968854719797	8.08639484710773
5047000	-2800.7682715761844	4544.0	-2809.041792093878	8.273520517693717
5048000	-2802.517131858106	4545.0	-2810.752826040876	8.235694182769526
5049000	-2801.6002552151435	4545.0	-2808.794453086237	7.194197871093139
5050000	-2802.791698406403	4546.0	-2810.6267572509987	7.835058844595474
5051000	-2802.5746998122704	4547.0	-2810.647564974589	8.072865162318521
5052000	-2801.1877565444393	4548.0	-2809.5077451951547	8.319988650715377
5053000	-2801.296734594853	4549.0	-2809.1496924255393	7.852957830686352
5054000	-2804.6147118620443	4550.0	-2812.245366085688	7.630654223643907
5055000	-2801.2503029867294	4551.0	-2809.539667813317	8.289364826587637
5056000	-2801.214682953214	4552.0	-2809.058402160321	7.8437192071071085
5057000	-2802.655546689482	4553.0	-2810.8349362158497	8.179389526367654
5058000	-2801.3236748719332	4554.0	-2809.27131849392	7.947643621986589
5059000	-2804.8253646948383	4554.0	-2811.727836532446	6.9024718376077185
5060000	-2800.8290648742022	4555.0	-2808.9642760320107	8.13521115780852
5061000	-2804.544013000557	4556.0	-2812.940895595279	8.396882594722163
5062000	-2804.934963988888	4557.0	-2813.2736827313324	8.338718742444726
5063000	-2805.600014327418	4558.0	-2813.436891725382	7.8368773979638835
5064000	-2803.3271627235526	4559.0	-2812.016219542246	8.689056818693128
5065000	-2801.7710546605767	4560.0	-2809.6044472227522	7.83339256217565
5066000	-2801.7805637644874	4561.0	-2810.4161670774843	8.635603312996919
5067000	-2801.1525955795846	4562.0	-2809.602953371005	8.450357791420336
5068000	-2801.210997442364	4563.0	-2809.0509623962494	7.839964953885731
5069000	-2802.903377593984	4563.0	-2810.7934469902793	7.89006939629573
5070000	-2802.065595111204	4564.0	-2809.263389419956	7.197794308752215
5071000	-2803.220134940715	4565.0	-2810.9040789853334	7.683944044618209
5072000	-2802.988813311155	4566.0	-2811.2840700993834	8.29525678822831
5073000	-2801.5026023774776	4567.0	-2809.856569274674	8.3539668971964
5074000	-2803.2555090675846	4568.0	-2810.1400433138037	6.8845342462192995
5075000	-2803.2708870652955	4569.0	-2811.069539465826	7.79865240053032
5076000	-2805.311754221861	4570.0	-2813.292367340307	7.980613118446095
5077000	-2803.2255912379287	4571.0	-2811.2602756743404	8.034684436411796
5078000	-2807.259364930232	4572.0	-2815.193311992626	7.933947062394102
5079000	-2800.8899872719103	4572.0	-2809.401938597682	8.511951325771946
5080000	-2803.0190832624835	4573.0	-2811.7914329763234	8.772349713839844
5081000	-2802.8120658217827	4574.0	-2810.878607167837	8.066541346054116
5082000	-2803.8690274304968	4575.0	-2810.5983354238338	6.729307993336936
5083000	-2801.970456493777	4576.0	-2810.5417275296577	8.571271035880507
5084000	-2805.84406694533	4577.0	-2814.0306166155665	8.186549670236626
5085000	-2803.3639996643856	4578.0	-2811.3908153794055	8.026815715019922
5086000	-2804.9278810921724	4579.0	-2813.3620971376217	8.434216045449475
5087000	-2802.0047406058293	4580.0	-2810.3880065864137	8.38326598058429
5088000	-2807.0335040656923	4581.0	-2814.3407616413915	7.307257575699067
5089000	-2801.4205786468247	4581.0	-2809.7889818629374	8.368403216112807
5090000	-2802.360953064887	4582.0	-2810.3395571491055	7.9786040842185795
5091000	-2803.8050583248387	4583.0	-2811.094778899654	7.289720574815453
5092000	-2803.128368105159	4584.0	-2810.9618506484585	7.833482543299294
5093000	-2804.6818180304917	4585.0	-2812.735929767858	8.054111737366494
5094000	-2800.331566797612	4586.0	-2808.4695064704174	8.13793967280506
5095000	-2801.635840279667	4587.0	-2810.1809239226795	8.54508364301271
5096000	-2806.535922638065	4588.0	-2813.4719729509434	6.936050312878379
5097000	-2800.820332073766	4589.0	-2809.322830629242	8.502498555475885
5098000	-2800.943095989713	4590.0	-2808.963674316223	8.020578326509865
5099000	-2800.547689727325	4590.0	-2808.8260607024013	8.278370975075884
5100000	-2803.2630269161155	4591.0	-2810.318797396398	7.055770480282758
5101000	-2802.972068708785	4592.0	-2811.4266852212036	8.454616512418438
5102000	-2803.8449822419584	4593.0	-2811.55519402067	7.71021177871169
5103000	-2804.9629470650098	4594.0	-2811.469210641922	6.506263576912054
5104000	-2801.9423097383324	4595.0	-2809.346326217806	7.40401647947394
5105000	-2803.568908709604	4596.0	-2811.0398644834795	7.470955773875712
5106000	-2805.635878156272	4597.0	-2810.9842323133585	5.348354157086403
5107000	-2801.309170865653	4598.0	-2808.857625834529	7.548454968875695
5108000	-2800.9123262539056	4599.0	-2808.921127219804	8.00880096589827
5109000	-2803.3600983231286	4599.0	-2811.0938934405062	7.733795117377555
5110000	-2804.802865274339	4600.0	-2813.745034751838	8.942169477498913
5111000	-2802.6859578100034	4601.0	-2809.9465885337877	7.260630723784393
5112000	-2803.0719973098094	4602.0	-2810.730306545556	7.658309235746515
5113000	-2801.533286053195	4603.0	-2809.568011908305	8.034725855110253
5114000	-2806.084244835293	4604.0	-2814.271985487183	8.187740651890175
5115000	-2802.3685979507345	4605.0	-2810.207704198929	7.839106248194554
5116000	-2801.6315701811263	4606.0	-2808.850087587425	7.218517406298841
5117000	-2802.9959326465632	4607.0	-2811.026196144725	8.030263498161691
5118000	-2801.0925738867213	4608.0	-2809.211954385448	8.119380498726457
5119000	-2805.710440055514	4608.0	-2814.0563677334153	8.345927677901233
5120000	-2807.0996879175996	4609.0	-2815.103694301717	8.004006384117302
5121000	-2801.9155172413066	4610.0	-2810.108970540927	8.193453299620536
5122000	-2800.8593499966864	4611.0	-2808.9895563210493	8.130206324362824
5123000	-2802.1802781231286	4612.0	-2809.7314224191755	7.551144296046771
5124000	-2800.5686021715633	4613.0	-2809.0752261487105	8.506623977147193
5125000	-2804.300649185931	4614.0	-2809.8682819695814	5.567632783650449
5126000	-2801.963183569853	4615.0	-2810.1881048620457	8.224921292193038
5127000	-2803.872899842912	4616.0	-2811.6686641195106	7.795764276598877
5128000	-2803.639716543888	4617.0	-2810.2029155953405	6.563199051452707
5129000	-2805.786783153738	4617.0	-2813.361203824059	7.574420670321166
5130000	-2800.588711004684	4618.0	-2808.9514229850865	8.362711980402949
5131000	-2803.842797069479	4619.0	-2811.0153448895257	7.1725478200471
5132000	-2805.376998513119	4620.0	-2812.666651445019	7.289652931900186
5133000	-2802.268025598521	4621.0	-2809.8859674416026	7.617941843081409
5134000	-2802.8267784690534	4622.0	-2810.5884171560447	7.76163868699134
5135000	-2802.8118841206174	4623.0	-2810.6804404473774	7.8685563267601975
5136000	-2802.6790171874336	4624.0	-2810.28535199745	7.606334810016331
5137000	-2801.7240619083045	4625.0	-2809.6136120275696	7.889550119265194
5138000	-2805.911566351327	4626.0	-2813.751775982972	7.840209631644804
5139000	-2802.997191652014	4626.0	-2811.415981350057	8.418789698042854
5140000	-2801.712091422044	4627.0	-2808.973628530972	7.261537108927617
5141000	-2802.5496034142993	4628.0	-2810.707353150791	8.157749736491384
5142000	-2801.4774725942784	4629.0	-2809.00894906313	7.531476468851308
5143000	-2803.6470392831156	4630.0	-2811.99901547881	8.351976195694506
5144000	-2801.1848003708037	4631.0	-2809.3789887693865	8.194188398582583
5145000	-2803.2008880197036	4632.0	-2810.996820008084	7.795931988380334
5146000	-2806.7788504002197	4633.0	-2812.113524485202	5.334674084982636
5147000	-2801.043181414658	4634.0	-2809.469173452117	8.425992037458816
5148000	-2804.817829739382	4635.0	-2812.3631907238987	7.545360984516713
5149000	-2803.655212270188	4635.0	-2812.2054420261966	8.550229756008921
5150000	-2803.4989918277524	4636.0	-2810.6541008166437	7.155108988891145
5151000	-2802.539946719523	4637.0	-2810.548259183618	8.008312464094942
5152000	-2801.562630410218	4638.0	-2809.73421169119	8.17158128097211
5153000	-2804.1762152064093	4639.0	-2810.772218827273	6.596003620863452
5154000	-2802.491970328019	4640.0	-2810.6666130760404	8.174642748021583
5155000	-2804.4861751861326	4641.0	-2812.742722571078	8.256547384945442
5156000	-2803.3880202618047	4642.0	-2809.456706794208	6.068686532403097
5157000	-2801.9024395880583	4643.0	-2809.884213483398	7.981773895339883
5158000	-2800.593433913471	4644.0	-2809.0075697315774	8.41413581810661
5159000	-2804.692733216646	4644.0	-2813.0410030816506	8.3482698650046
5160000	-2802.341641476724	4645.0	-2810.4085854250575	8.066943948333453
5161000	-2801.0959609507368	4646.0	-2809.2807639230423	8.184802972305674
5162000	-2804.659368642848	4647.0	-2813.549410784148	8.890042141299892
5163000	-2801.1863345893657	4648.0	-2809.245615634011	8.05928104464532
5164000	-2802.6276670618545	4649.0	-2810.431464784368	7.803797722513454
5165000	-2802.8123253072245	4650.0	-2810.7393834310037	7.927058123779434
5166000	-2800.765371946292	4651.0	-2808.990730222963	8.225358276671194
5167000	-2810.7807738040146	4652.0	-2815.0847509402547	4.303977136240023
5168000	-2801.9949755700445	4653.0	-2809.9391270278993	7.944151457854889
5169000	-2800.2931834641804	4653.0	-2808.5916932951577	8.298509830977082
5170000	-2805.1589361656443	4654.0	-2812.542572968145	7.383636802500884
5171000	-2804.0105312072965	4655.0	-2811.6128092937197	7.602278086423106
5172000	-2802.074220782703	4656.0	-2809.08999351886	7.015772736156937
5173000	-2803.396500941401	4657.0	-2811.965670143496	8.569169202095102
5174000	-2804.9143871834426	4658.0	-2813.525702293392	8.61131510994917
5175000	-2802.3011654073766	4659.0	-2810.7378001569864	8.43663474960982
5176000	-2803.950968534318	4660.0	-2811.8074834018626	7.856514867544885
5177000	-2808.2196403750418	4661.0	-2816.2123256455134	7.99268527047167
5178000	-2801.4274762113414	4662.0	-2809.5310839299195	8.103607718578317
5179000	-2802.1292935721112	4662.0	-2810.2187641141913	8.089470542080154
5180000	-2802.410210331388	4663.0	-2810.4026412517337	7.992430920345874
5181000	-2801.3356392290684	4664.0	-2809.3341762234954	7.998536994426865
5182000	-2800.996586633653	4665.0	-2809.1440848158754	8.147498182222444
5183000	-2807.714122755582	4666.0	-2815.447363915045	7.7332411594627715
5184000	-2802.0925199195494	4667.0	-2809.7620724991502	7.669552579600891
5185000	-2802.7217342619456	4668.0	-2809.6742338298914	6.95249956794585
5186000	-2804.056274651397	4669.0	-2811.9714866182007	7.915211966803938
5187000	-2802.900765953673	4670.0	-2810.7799093671506	7.879143413477666
5188000	-2800.8414188634715	4671.0	-2809.342586262601	8.501167399129534
5189000	-2801.249434686088	4671.0	-2809.1798849762686	7.930450290180673
5190000	-2801.64493730497	4672.0	-2809.5877780068804	7.942840701910263
5191000	-2801.631328585827	4673.0	-2809.4549453824916	7.8236167966647665
5192000	-2801.3089235094726	4674.0	-2809.4963074706766	8.1873839612039
5193000	-2800.412735618297	4675.0	-2808.7588870985164	8.346151480219389
5194000	-2802.874082637932	4676.0	-2809.5630561285366	6.6889734906045675
5195000	-2802.336432404501	4677.0	-2811.174382899042	8.837950494540982
5196000	-2801.5716610306013	4678.0	-2809.922274595157	8.350613564555786
5197000	-2800.7418841821277	4679.0	-2809.161030859569	8.419146677441224
5198000	-2801.817136772913	4680.0	-2810.4294101695527	8.612273396640026
5199000	-2802.213225812598	4680.0	-2810.2123954461176	7.999169633519646
5200000	-2802.3456479971155	4681.0	-2810.977734662755	8.632086665639864
5201000	-2801.147613789594	4682.0	-2809.5547175316697	8.407103742075869
5202000	-2806.8127792643754	4683.0	-2814.5761821634455	7.763402899069916
5203000	-2804.3766878269194	4684.0	-2809.98478744114	5.608099614220629
5204000	-2803.090043977937	4685.0	-2811.1255450953413	8.035501117404266
5205000	-2801.0082451321737	4686.0	-2808.401445767559	7.39320063538504
5206000	-2800.453091181351	4687.0	-2808.6989515590017	8.245860377650882
5207000	-2804.8165321234706	4688.0	-2812.1063950901926	7.2898629667221995
5208000	-2802.9896940590793	4689.0	-2811.1403588106386	8.150664751559567
5209000	-2802.879065637825	4689.0	-2811.2006749321936	8.321609294368338
5210000	-2803.493535603416	4690.0	-2811.691446520621	8.197910917204936
5211000	-2801.318050626905	4691.0	-2809.807091731899	8.489041104994058
5212000	-2802.7510605756092	4692.0	-2811.581614359599	8.830553783989696
5213000	-2802.209335595616	4693.0	-2809.813493376737	7.6041577811210175
5214000	-2800.8841286121465	4694.0	-2809.1738564824686	8.289727870322377
5215000	-2803.727671117259	4695.0	-2811.314625840319	7.586954723059974
5216000	-2801.5867304891303	4696.0	-2808.9905978476727	7.403867358542552
5217000	-2801.630786080559	4697.0	-2809.565348226883	7.934562146323892
5218000	-2803.2687726743925	4698.0	-2809.966093479596	6.697320805203737
5219000	-2804.9039772694887	4698.0	-2813.36985747949	8.465880210001227
5220000	-2800.834652931068	4699.0	-2808.7776090726225	7.942956141554342
5221000	-2804.6994374448914	4700.0	-2810.046124244527	5.346686799635675
5222000	-2803.9373592655347	4701.0	-2811.8599253645675	7.922566099032967
5223000	-2807.001141698167	4702.0	-2815.0257124690042	8.024570770837329
5224000	-2801.488994250093	4703.0	-2809.2679452796824	7.778951029589292
5225000	-2805.70344105328	4704.0	-2813.6086986597234	7.905257606443119
5226000	-2803.2811180197687	4705.0	-2810.7323252139327	7.451207194163823
5227000	-2802.9733730054286	4706.0	-2808.9357939264864	5.962420921057845
5228000	-2802.060241955246	4707.0	-2810.7249413834647	8.664699428218498
5229000	-2801.9409091296234	4707.0	-2810.083597947245	8.14268881762155
5230000	-2800.93354860686	4708.0	-2809.3308563387154	8.397307731855774
5231000	-2802.0065397774256	4709.0	-2808.5743762679795	6.567836490553954
5232000	-2804.3204841293104	4710.0	-2811.7539902031226	7.433506073812106
5233000	-2805.5007145119253	4711.0	-2812.880980007084	7.3802654951585716
5234000	-2801.1217498113338	4712.0	-2808.5599367221503	7.438186910816671
5235000	-2803.509131184959	4713.0	-2809.869695024304	6.360563839344483
5236000	-2801.1692108371803	4714.0	-2809.2171776823125	8.04796684513196
5237000	-2800.3816726336668	4715.0	-2808.8755582393687	8.493885605701957
5238000	-2804.354257980729	4716.0	-2812.681843128845	8.327585148115658
5239000	-2805.813459686681	4716.0	-2813.8765748365454	8.06311514986409
5240000	-2804.757094408462	4717.0	-2811.803837459486	7.04674305102431
5241000	-2803.3438780884017	4718.0	-2811.25489198135	7.911013892948004
5242000	-2802.7372077582645	4719.0	-2810.589060502116	7.851852743851267
5243000	-2805.065318782728	4720.0	-2813.593899771104	8.52858098837643
5244000	-2802.0768730454183	4721.0	-2809.2770003991996	7.200127353781355
5245000	-2802.96287504728	4722.0	-2810.5746866750605	7.611811627780629
5246000	-2807.775935352459	4723.0	-2815.997432240507	8.221496888048133
5247000	-2802.9615466749574	4724.0	-2809.873690131009	6.912143456051371
5248000	-2804.423207634014	4725.0	-2809.3518173559696	4.92860972195578
5249000	-2801.088950347001	4725.0	-2809.4860135804797	8.397063233478717
5250000	-2803.0985595567086	4726.0	-2811.336023454545	8.237463897836129
5251000	-2807.58192665128	4727.0	-2815.508158035273	7.92623138399335
5252000	-2803.9214628663217	4728.0	-2811.6357445923186	7.71428172599684
5253000	-2801.3327321602405	4729.0	-2809.890044909853	8.557312749612175
5254000	-2803.6942047570806	4730.0	-2810.5612701978444	6.867065440763637
5255000	-2804.657856363811	4731.0	-2812.365764673585	7.707908309774036
5256000	-2801.498040727399	4732.0	-2809.303613022022	7.805572294623306
5257000	-2800.8291235320758	4733.0	-2808.9781534069684	8.149029874892696
5258000	-2801.6073877985664	4734.0	-2809.858942920613	8.2515551220467
5259000	-2804.558937658425	4734.0	-2812.4401310618146	7.881193403389834
5260000	-2803.730515452927	4735.0	-2811.084339739186	7.353824286258551
5261000	-2802.3215590985756	4736.0	-2810.586721048278	8.265161949702476
5262000	-2803.594586420113	4737.0	-2812.000258371718	8.405671951604706
5263000	-2804.301239257559	4738.0	-2812.341425875992	8.040186618433513
5264000	-2802.139390182847	4739.0	-2810.233725981636	8.094335798789169
5265000	-2802.0286181662004	4740.0	-2810.441127877701	8.412509711500867
5266000	-2804.1827209754447	4741.0	-2808.9945013824977	4.811780407053051
5267000	-2804.7986994728903	4742.0	-2811.5801617972206	6.781462324330091
5268000	-2801.7723473724254	4743.0	-2810.114757764917	8.342410392491725
5269000	-2803.7511692410303	4743.0	-2810.9317940163196	7.180624775289463
5270000	-2804.9267234011104	4744.0	-2812.4976105331075	7.570887131997266
5271000	-2808.56492275161	4745.0	-2816.8989876601236	8.334064908513605
5272000	-2803.0447373124944	4746.0	-2810.8505563819094	7.805819069415154
5273000	-2801.425734944035	4747.0	-2809.5757252270423	8.149990283007385
5274000	-2803.1730843129935	4748.0	-2811.037409504131	7.864325191137542
5275000	-2802.857722207689	4749.0	-2810.6080508960567	7.750328688367512
5276000	-2800.9058924321307	4750.0	-2809.34901965577	8.443127223639456
5277000	-2800.8934868951224	4751.0	-2809.085459983656	8.191973088533919
5278000	-2802.958525966987	4752.0	-2810.4805180097974	7.521992042810391
5279000	-2802.575722323523	4752.0	-2810.848183353222	8.272461029698512
5280000	-2803.285547591616	4753.0	-2810.031080507097	6.745532915481508
5281000	-2803.1031782405585	4754.0	-2810.3950953726994	7.291917132140892
5282000	-2800.728970601624	4755.0	-2809.1198131554097	8.390842553785689
5283000	-2803.397300392577	4756.0	-2811.753199463577	8.355899070999936
5284000	-2805.7522632659643	4757.0	-2812.4500862294094	6.697822963445249
5285000	-2801.5910881775644	4758.0	-2809.4957627535096	7.904674575945078
5286000	-2806.8018010910864	4759.0	-2813.8170349483394	7.015233857253024
5287000	-2801.7017488362426	4760.0	-2809.993579473272	8.291830637029335
5288000	-2805.3165454808363	4761.0	-2812.4977323040766	7.181186823240415
5289000	-2801.3733839643824	4761.0	-2809.427605287168	8.054221322785349
5290000	-2804.3940071332577	4762.0	-2812.281979268803	7.8879721355451595
5291000	-2802.7972970915116	4763.0	-2811.2621623561745	8.464865264662686
5292000	-2804.011106515269	4764.0	-2812.79051237547	8.779405860200992
5293000	-2801.0015633115067	4765.0	-2809.2924092648427	8.290845953336019
5294000	-2802.225895791822	4766.0	-2810.309372066249	8.08347627442695
5295000	-2807.0871999909536	4767.0	-2812.4986932445927	5.411493253638859
5296000	-2800.8307318995003	4768.0	-2809.314879661948	8.484147762447794
5297000	-2801.2893288154887	4769.0	-2808.663399671112	7.37407085562315
5298000	-2802.295072003598	4770.0	-2809.9674953053454	7.672423301747498
5299000	-2803.768458475607	4770.0	-2812.104756951941	8.336298476334143
5300000	-2801.4092260140983	4771.0	-2809.6209281126085	8.21170209851034
5301000	-2801.0956973337893	4772.0	-2809.3085861326567	8.212888798867441
5302000	-2805.27012893291	4773.0	-2813.863842660006	8.5937137270959
5303000	-2802.5062420968165	4774.0	-2809.620600656329	7.114358559512448
5304000	-2804.916154150622	4775.0	-2812.9219893302047	8.005835179582872
5305000	-2800.531050369936	4776.0	-2808.933578278066	8.402527908129866
5306000	-2803.852726560687	4777.0	-2812.8045885104007	8.95186194971349
5307000	-2801.8486046159014	4778.0	-2809.244186215158	7.39558159925677
5308000	-2803.3320241961032	4779.0	-2811.6839748509074	8.351950654804252
5309000	-2801.301566618011	4779.0	-2809.612852160349	8.311285542338243
5310000	-2805.3843083997513	4780.0	-2813.881480264852	8.497171865100878
5311000	-2802.0758606971103	4781.0	-2809.9751837947933	7.899323097682958
5312000	-2805.320718968547	4782.0	-2813.671248816432	8.350529847884768
5313000	-2802.3385912325075	4783.0	-2810.2797940337023	7.941202801194842
5314000	-2802.681083813775	4784.0	-2810.9347830599413	8.253699246166505
5315000	-2802.181372626763	4785.0	-2810.6532756685133	8.471903041750517
5316000	-2803.077182796553	4786.0	-2811.173166288621	8.09598349206751
5317000	-2804.4945532526935	4787.0	-2810.360403365175	5.86585011248137
5318000	-2802.3664073003624	4788.0	-2810.322462841061	7.956055540698818
5319000	-2807.5839150291963	4788.0	-2814.583623769797	6.999708740601091
5320000	-2801.5105306233063	4789.0	-2809.497571728708	7.987041105401486
5321000	-2802.1585923016355	4790.0	-2810.360360338017	8.201768036381486
5322000	-2806.86747482266	4791.0	-2815.304963333965	8.437488511305245
5323000	-2803.676633162579	4792.0	-2811.2276657540997	7.551032591520589
5324000	-2803.9888469606285	4793.0	-2809.328073359122	5.339226398493478
5325000	-2803.830572274318	4794.0	-2812.226047611217	8.395475336899139
5326000	-2802.3175812195686	4795.0	-2810.1657270379155	7.848145818346675
5327000	-2800.281068497474	4796.0	-2808.724442928438	8.443374430964113
5328000	-2803.808813694452	4797.0	-2811.9603334170793	8.151519722627103
5329000	-2802.8995287808057	4797.0	-2811.2630527903484	8.3635240095429
5330000	-2802.1946359406834	4798.0	-2810.535228407129	8.340592466445639
5331000	-2802.1836407085043	4799.0	-2810.415817380114	8.232176671609695
5332000	-2801.637550689356	4800.0	-2809.425270216905	7.7877195275493385
5333000	-2804.34179970991	4801.0	-2812.2937899003305	7.951990190420643
5334000	-2801.938034686091	4802.0	-2810.07579824699	8.137763560898897
5335000	-2801.66581712227	4803.0	-2809.743264061795	8.077446939524886
5336000	-2803.3163051442534	4804.0	-2809.3204823282376	6.004177183984433
5337000	-2803.47981980032	4805.0	-2810.3670818328615	6.887262032541258
5338000	-2801.974366741852	4806.0	-2809.60664636452	7.632279622668202
5339000	-2803.197507151253	4806.0	-2810.088048133074	6.89054098182135
5340000	-2802.7307721261054	4807.0	-2811.3600524894437	8.6292803633382
5341000	-2803.174265252317	4808.0	-2811.141916457743	7.967651205425727
5342000	-2802.028570089364	4809.0	-2810.0648190477923	8.036248958428036
5343000	-2801.4682020699383	4810.0	-2809.4761148603557	8.007912790417258
5344000	-2802.8645038579048	4811.0	-2811.3610007831385	8.496496925233895
5345000	-2802.5880732046985	4812.0	-2809.1700658671184	6.581992662419779
5346000	-2805.800144966966	4813.0	-2813.990053995527	8.18990902856088
5347000	-2802.3664447135116	4814.0	-2810.227403103304	7.860958389792474
5348000	-2803.333824409716	4815.0	-2810.990289636007	7.656465226291577
5349000	-2803.6299928458175	4815.0	-2812.0755067919636	8.44551394614595
5350000	-2802.1914850940234	4816.0	-2810.7659506959853	8.574465601961938
5351000	-2805.2084871118545	4817.0	-2810.772037250232	5.5635501383775345
5352000	-2805.4632957002336	4818.0	-2811.780214371679	6.316918671445338
5353000	-2802.656786950254	4819.0	-2811.087033317154	8.430246366899684
5354000	-2803.7891304650325	4820.0	-2810.5902236803586	6.801093215325962
5355000	-2803.276179336353	4821.0	-2810.947241077067	7.671061740714081
5356000	-2802.279852874623	4822.0	-2810.447421508026	8.16756863340268
5357000	-2803.0972663235757	4823.0	-2810.0091938804317	6.911927556856057
5358000	-2802.0919479342433	4824.0	-2808.785414018837	6.693466084593454
5359000	-2805.406256178067	4824.0	-2810.039143139408	4.6328869613411126
5360000	-2802.5088329450573	4825.0	-2810.3639566209013	7.855123675843882
5361000	-2802.1412568320416	4826.0	-2810.157351324711	8.016094492669405
5362000	-2800.5675125351427	4827.0	-2808.8729086310923	8.305396095949458
5363000	-2801.087308825237	4828.0	-2809.6575373528763	8.570228527639193
5364000	-2804.299455107575	4829.0	-2812.156512434848	7.85705732727336
5365000	-2803.439658382837	4830.0	-2811.549044879252	8.109386496415102
5366000	-2802.7869270674905	4831.0	-2810.110343896652	7.323416829161461
5367000	-2801.571032410402	4832.0	-2809.369455227988	7.798422817585816
5368000	-2802.4357310742125	4833.0	-2810.6047751089627	8.169044034750225
5369000	-2802.055173783689	4833.0	-2810.313080146106	8.257906362417183
5370000	-2803.037572555717	4834.0	-2810.9821668899062	7.944594334189447
5371000	-2802.5990727558146	4835.0	-2810.3933100816544	7.794237325839631
5372000	-2802.2405868417104	4836.0	-2810.100162821721	7.859575980010338
5373000	-2803.293461697643	4837.0	-2811.2140672339874	7.92060553634421
5374000	-2805.5512901802103	4838.0	-2812.7792963603893	7.228006180178839
5375000	-2804.3713131714703	4839.0	-2812.3246105409203	7.953297369450003
5376000	-2804.2010565734386	4840.0	-2812.403884899201	8.202828325762463
5377000	-2805.949959573074	4841.0	-2813.2287676896767	7.278808116602568
5378000	-2801.156030017343	4842.0	-2809.4279167660184	8.271886748675655
5379000	-2805.5989593558534	4842.0	-2813.75655748862	8.157598132766518
5380000	-2802.867832889461	4843.0	-2811.216740058851	8.348907169389658
5381000	-2802.127065039604	4844.0	-2810.5540677650765	8.427002725472581
5382000	-2805.62256222986	4845.0	-2814.535677705516	8.913115475655957
5383000	-2800.997071943091	4846.0	-2809.172109276108	8.175037333016807
5384000	-2804.738394131566	4847.0	-2812.335268618765	7.596874487199018
5385000	-2802.9203301879656	4848.0	-2809.1459626469014	6.225632458935911
5386000	-2802.336883940174	4849.0	-2810.1753873315856	7.838503391411254
5387000	-2802.998476858326	4850.0	-2809.276101531508	6.277624673182256
5388000	-2804.9187649184223	4851.0	-2813.06909708445	8.150332166027601
5389000	-2802.8269928061923	4851.0	-2810.713256550238	7.886263744045662
5390000	-2805.35602141408	4852.0	-2812.8931815641135	7.537160150033691
5391000	-2802.75856187064	4853.0	-2810.796897867432	8.038335996792341
5392000	-2802.0068963316553	4854.0	-2810.596401965001	8.589505633345693
5393000	-2802.349901548525	4855.0	-2811.149584343802	8.799682795277125
5394000	-2802.2247798674425	4856.0	-2809.725335625779	7.500555758336519
5395000	-2805.6698449800956	4857.0	-2813.869063282157	8.199218302061693
5396000	-2802.3029863967126	4858.0	-2810.744721809793	8.441735413080648
5397000	-2801.0633400072925	4859.0	-2809.562610014723	8.499270007430145
5398000	-2802.041283327287	4860.0	-2810.372516723726	8.331233396438893
5399000	-2802.7489013551444	4860.0	-2810.985311761454	8.236410406309382
5400000	-2807.14511155753	4861.0	-2814.0056397673065	6.8605282097763824
5401000	-2804.8220359955812	4862.0	-2811.1697038535813	6.347667857999952
5402000	-2804.0346512858205	4863.0	-2811.76372537859	7.729074092769826
5403000	-2803.826111638135	4864.0	-2811.990088271695	8.163976633560065
5404000	-2807.801680929736	4865.0	-2815.1966262579467	7.394945328210541
5405000	-2801.4373879602094	4866.0	-2809.4646299890364	8.027242028827063
5406000	-2806.9681255882574	4867.0	-2813.348595321426	6.380469733168341
5407000	-2808.041971422441	4868.0	-2814.8333801883505	6.791408765909798
5408000	-2800.901490239462	4869.0	-2809.108100140597	8.20660990113478
5409000	-2801.885320220042	4869.0	-2810.176923130054	8.291602910012122
5410000	-2803.383637153436	4870.0	-2811.3620130801273	7.97837592669091
5411000	-2802.0311316262714	4871.0	-2810.6472461160065	8.616114489734976
5412000	-2802.001207496101	4872.0	-2810.334738160846	8.3335306647452
5413000	-2804.1395731460657	4873.0	-2812.4562865770285	8.316713430963034
5414000	-2802.390247961708	4874.0	-2810.737201376574	8.346953414865881
5415000	-2802.2574965945373	4875.0	-2810.795027601753	8.537531007215822
5416000	-2805.4597406439766	4876.0	-2813.6256659099663	8.165925265989646
5417000	-2801.8683605714673	4877.0	-2810.485079845552	8.616719274084538
5418000	-2804.225689406677	4878.0	-2809.8931176705073	5.667428263830674
5419000	-2800.6147423731118	4878.0	-2809.06473044427	8.449988071158112
5420000	-2804.26170288728	4879.0	-2811.723695176133	7.461992288852804
5421000	-2801.320600289247	4880.0	-2809.9451800484626	8.624579759215301
5422000	-2802.850081417828	4881.0	-2810.796723342257	7.946641924428852
5423000	-2801.812994380913	4882.0	-2809.533996767375	7.721002386461769
5424000	-2801.3162300147746	4883.0	-2809.87926359208	8.563033577305498
5425000	-2800.8385055728445	4884.0	-2808.9355346949355	8.09702912209099
5426000	-2801.1037398116423	4885.0	-2809.4082297899104	8.304489978267952
5427000	-2803.586599984757	4886.0	-2810.7307850660445	7.144185081287601
5428000	-2802.977350339672	4887.0	-2810.504864939404	7.5275145997320605
5429000	-2802.3080773858787	4887.0	-2810.6541403538595	8.346062967980624
5430000	-2805.01894210094	4888.0	-2813.417546863737	8.398604762797005
5431000	-2809.1849778757614	4889.0	-2818.230106632814	9.045128757052478
5432000	-2800.93916217693	4890.0	-2809.009456983124	8.070294806194031
5433000	-2802.815146498299	4891.0	-2810.9309184310728	8.11577193277412
5434000	-2801.1627712570344	4892.0	-2809.875663123025	8.712891865990487
5435000	-2801.63698568904	4893.0	-2809.9971594919334	8.360173802893117
5436000	-2802.8434461396264	4894.0	-2810.779481145621	7.936035005994528
5437000	-2804.4187354252654	4895.0	-2812.211148168919	7.792412743653619
5438000	-2803.7428905947027	4896.0	-2811.6332773626527	7.890386767950136
5439000	-2803.1112381029347	4896.0	-2811.3372073562123	8.22596925327748
5440000	-2802.66199445161	4897.0	-2810.705715805439	8.043721353828746
5441000	-2800.897186833154	4898.0	-2808.924450136707	8.027263303552784
5442000	-2802.1876373673713	4899.0	-2809.9344804857474	7.746843118375913
5443000	-2805.7595198855397	4900.0	-2812.04904066837	6.289520782830247
5444000	-2805.0806179914375	4901.0	-2812.29189668281	7.211278691372794
5445000	-2801.991806721844	4902.0	-2810.623364380532	8.63155765868813
5446000	-2801.083689314277	4903.0	-2809.5654965987706	8.4818072844935
5447000	-2802.2053888619994	4904.0	-2809.191898491752	6.986509629752691
5448000	-2805.607338328896	4905.0	-2813.2950086537317	7.687670324835832
5449000	-2800.9246895517526	4905.0	-2809.0625733773304	8.137883825577974
5450000	-2802.186467622732	4906.0	-2810.6473096040245	8.460841981292438
5451000	-2800.776505393951	4907.0	-2808.633280943398	7.856775549446956
5452000	-2803.127542460845	4908.0	-2810.762050876176	7.634508415331194
5453000	-2801.5203308564523	4909.0	-2809.3123387109536	7.792007854501074
5454000	-2805.309797773632	4910.0	-2812.657373635366	7.347575861734243
5455000	-2803.9687741902635	4911.0	-2812.8994639915154	8.93068980125204
5456000	-2804.563235859425	4912.0	-2811.2854869910075	6.722251131582742
5457000	-2801.463385032818	4913.0	-2809.7727460967303	8.309361063912078
5458000	-2802.055941238654	4914.0	-2810.3876749577726	8.331733719118503
5459000	-2802.812542703123	4914.0	-2811.1171673022923	8.304624599169111
5460000	-2801.6454359635813	4915.0	-2810.0868687592297	8.44143279564851
5461000	-2803.6188050404285	4916.0	-2811.6249741175516	8.006169077123204
5462000	-2804.171013805572	4917.0	-2811.6770328041853	7.506018998613392
5463000	-2805.129777738978	4918.0	-2813.516409097798	8.386631358819557
5464000	-2800.9628821893693	4919.0	-2808.6288190579726	7.665936868603415
5465000	-2806.315942845029	4920.0	-2815.014099646895	8.698156801866116
5466000	-2803.3761081881094	4921.0	-2810.6485132919315	7.272405103821939
5467000	-2804.1053379576742	4922.0	-2810.894205911996	6.788867954321568
5468000	-2803.5894589871905	4923.0	-2811.683532007497	8.09407302030634
5469000	-2804.8269752269052	4923.0	-2813.218383109199	8.391407882293429
5470000	-2808.0956835873712	4924.0	-2813.1525527612903	5.056869173919088
5471000	-2800.7757091462686	4925.0	-2809.084745792208	8.309036645939628
5472000	-2800.241693934602	4926.0	-2808.335396732618	8.093702798015752
5473000	-2804.2792011711913	4927.0	-2812.030040119353	7.750838948161966
5474000	-2804.4475998564603	4928.0	-2812.4396557684704	7.992055912010125
5475000	-2806.7030412763315	4929.0	-2814.2786180314815	7.575576755150204
5476000	-2800.664666028228	4930.0	-2808.7427524489804	8.078086420752026
5477000	-2802.7231121293366	4931.0	-2810.368184699051	7.645072569714725
5478000	-2804.629406209603	4932.0	-2812.8837940617973	8.254387852194357
5479000	-2802.8221467682765	4932.0	-2809.513548761469	6.691401993192193
5480000	-2802.5905812784385	4933.0	-2810.5239636659835	7.933382387544938
5481000	-2801.253373536946	4934.0	-2809.4172659474466	8.163892410500285
5482000	-2801.1611241759742	4935.0	-2809.504302316855	8.343178140880713
5483000	-2801.6319230988283	4936.0	-2809.793804937984	8.161881839155559
5484000	-2801.1121325778404	4937.0	-2809.3566797054414	8.24454712760088
5485000	-2802.863527000989	4938.0	-2810.686444534343	7.82291753335422
5486000	-2802.9529117950447	4939.0	-2811.161256456619	8.2083446615741
5487000	-2801.030859806148	4940.0	-2808.983125893751	7.952266087603095
5488000	-2802.3237228894986	4941.0	-2809.2885528385004	6.964829949001896
5489000	-2804.8089458751556	4941.0	-2812.3108895711175	7.501943695961838
5490000	-2805.006416661215	4942.0	-2812.6775216619258	7.671105000710752
5491000	-2802.150955967793	4943.0	-2810.3070254989884	8.156069531195396
5492000	-2800.488440794832	4944.0	-2808.5627515085275	8.074310713695407
5493000	-2803.400124055633	4945.0	-2811.5714579756377	8.171333920004505
5494000	-2806.730564534097	4946.0	-2814.7952682278847	8.06470369378776
5495000	-2803.1992756914524	4947.0	-2811.0213501940343	7.822074502582111
5496000	-2801.887398503674	4948.0	-2809.3349655510933	7.4475670474192945
5497000	-2801.749141425131	4949.0	-2810.013660895471	8.264519470340158
5498000	-2806.1259614190467	4950.0	-2814.11243590439	7.986474485343296
5499000	-2803.0445225879816	4950.0	-2811.55422752445	8.509704936468514
5500000	-2804.164431808617	4951.0	-2809.893531398638	5.729099590021047
5501000	-2805.344887981587	4952.0	-2812.9458932637644	7.601005282177698
5502000	-2806.781706896397	4953.0	-2813.82528092259	7.043574026193172
5503000	-2807.1329579715266	4954.0	-2815.6602755457357	8.527317574208947
5504000	-2803.641499279081	4955.0	-2811.050584157259	7.409084878177773
5505000	-2802.066143801597	4956.0	-2809.9121349447287	7.845991143131746
5506000	-2802.5183231610836	4957.0	-2810.345522733966	7.827199572882343
5507000	-2800.7254165755307	4958.0	-2808.502916028947	7.777499453415931
5508000	-2803.826780704615	4959.0	-2809.9542854245065	6.1275047198915065
5509000	-2801.8492364085782	4959.0	-2810.0247241209195	8.17548771234133
5510000	-2804.726875024765	4960.0	-2812.9442681352484	8.217393110483517
5511000	-2803.717101838254	4961.0	-2812.6405693395677	8.923467501313592
5512000	-2802.3392599004396	4962.0	-2809.5428285720127	7.203568671572865
5513000	-2806.4767091830677	4963.0	-2814.452321876583	7.9756126935155045
5514000	-2802.4721419244997	4964.0	-2810.2284989954924	7.756357070992801
5515000	-2801.6021260220546	4965.0	-2809.060561533752	7.458435511697649
5516000	-2801.459409144798	4966.0	-2809.779454780407	8.320045635608913
5517000	-2803.605421433666	4967.0	-2812.211607283339	8.606185849673379
5518000	-2805.3896508868756	4968.0	-2812.5461078129424	7.156456926066607
5519000	-2804.7885422567592	4968.0	-2811.9014381967772	7.112895940017911
5520000	-2801.0070837210883	4969.0	-2809.382112667172	8.375028946083482
5521000	-2802.4661832969177	4970.0	-2810.4452894566184	7.97910615970057
5522000	-2804.181070807348	4971.0	-2810.344985813703	6.1639150063549515
5523000	-2803.353524175928	4972.0	-2808.8728738906702	5.5193497147422175
5524000	-2804.6572495800538	4973.0	-2811.9233772865728	7.2661277065190655
5525000	-2801.2953921780995	4974.0	-2809.2155647496784	7.920172571578949
5526000	-2803.094609534338	4975.0	-2810.769112279312	7.674502744974148
5527000	-2802.0776357452546	4976.0	-2809.6007568261784	7.523121080923661
5528000	-2803.4176102080646	4977.0	-2809.988583839656	6.570973631591082
5529000	-2803.2352970077636	4977.0	-2811.8247894712895	8.589492463526042
5530000	-2807.5382404239144	4978.0	-2813.0028114717697	5.46457104785509
5531000	-2800.9432688099637	4979.0	-2809.310537856562	8.367269046598423
5532000	-2806.6116619373756	4980.0	-2813.2940628351444	6.682400897768844
5533000	-2800.388521235456	4981.0	-2808.976681847301	8.588160611844646
5534000	-2802.33638168545	4982.0	-2809.063751947292	6.727370261842061
5535000	-2801.4731042875933	4983.0	-2809.319549889946	7.846445602352459
5536000	-2803.2901376543095	4984.0	-2811.5241197436785	8.233982089368931
5537000	-2802.270252298639	4985.0	-2809.5815105847028	7.311258286063752
5538000	-2800.587773940686	4986.0	-2808.517280264402	7.92950632371588
5539000	-2806.1902570558536	4986.0	-2813.241536189535	7.051279133681545
5540000	-2801.9033394067033	4987.0	-2810.3751640726537	8.47182466595055
5541000	-2801.8118051478364	4988.0	-2809.978478195782	8.166673047945634
5542000	-2805.1267763838505	4989.0	-2813.502376040615	8.375599656764791
5543000	-2802.05227786579	4990.0	-2809.640555437665	7.588277571874949
5544000	-2800.566247458469	4991.0	-2808.7648330378406	8.198585579371262
5545000	-2806.8775334633033	4992.0	-2814.4810705969257	7.603537133622656
5546000	-2801.541805211728	4993.0	-2810.370625372882	8.828820161153976
5547000	-2801.318438401569	4994.0	-2809.3127842977256	7.994345896156522
5548000	-2804.612226954117	4995.0	-2809.427496192046	4.815269237928849
5549000	-2802.112180513385	4995.0	-2810.394814877687	8.282634364302439
5550000	-2806.2881169092475	4996.0	-2812.618953177809	6.3308362685618205
5551000	-2803.7407541798134	4997.0	-2810.5313275295157	6.790573349702339
5552000	-2804.60759868594	4998.0	-2811.8998720663717	7.292273380431559
5553000	-2801.0963291918247	4999.0	-2809.289089425156	8.19276023333144
5554000	-2801.8337036079683	5000.0	-2810.096469603551	8.262765995582738
5555000	-2802.162636579266	5001.0	-2808.924731640396	6.762095061130566
5556000	-2801.5619822468825	5002.0	-2810.111619437663	8.549637190780569
5557000	-2803.9142740816333	5003.0	-2812.7823076208783	8.868033539245282
5558000	-2802.196494474223	5004.0	-2810.896440950605	8.699946476382163
5559000	-2806.693356470644	5004.0	-2814.45695423734	7.763597766696021
5560000	-2805.432344189468	5005.0	-2813.319884452407	7.887540262939078
5561000	-2801.396864447181	5006.0	-2809.2399668433222	7.843102396140983
5562000	-2801.52691844141	5007.0	-2810.1536157819364	8.62669734052648
5563000	-2802.1547274102927	5008.0	-2809.6523894995867	7.497662089293957
5564000	-2800.8602371128604	5009.0	-2809.0568508085057	8.196613695645375
5565000	-2801.3730860076007	5010.0	-2809.5632804247816	8.190194417180974
5566000	-2803.558742040156	5011.0	-2810.967801770211	7.409059730054614
5567000	-2801.664017044489	5012.0	-2809.3049902327834	7.640973188294594
5568000	-2802.0538342740692	5013.0	-2810.6104417989523	8.55660752488302
5569000	-2803.098110248946	5013.0	-2811.6483577282884	8.55024747934231
5570000	-2802.249050490754	5014.0	-2810.3047731501188	8.055722659364452
5571000	-2801.464929243771	5015.0	-2809.878029878114	8.41310063434265
5572000	-2801.436267247451	5016.0	-2809.9037111295856	8.467443882134646
5573000	-2808.2532010040045	5017.0	-2815.3926511172226	7.139450113217954
5574000	-2803.565430129443	5018.0	-2812.045222973762	8.479792844318817
5575000	-2802.6226160275305	5019.0	-2809.570111766191	6.947495738660737
5576000	-2802.002129841258	5020.0	-2809.7677412183793	7.765611377121344
5577000	-2801.344412581965	5021.0	-2809.7099701877682	8.365557605803303
5578000	-2802.1500752055385	5022.0	-2809.965231914091	7.815156708552246
5579000	-2804.071509837418	5022.0	-2812.2063716305342	8.134861793116231
5580000	-2803.377351918186	5023.0	-2809.8371992340035	6.459847315817385
5581000	-2801.807382176648	5024.0	-2810.000194692021	8.192812515373
5582000	-2801.473864439513	5025.0	-2809.908711305447	8.43484686593418
5583000	-2804.1488743243326	5026.0	-2810.422461176689	6.273586852356347
5584000	-2805.349901224844	5027.0	-2811.138871951296	5.788970726452005
5585000	-2804.1336110384505	5028.0	-2811.940087467196	7.806476428745361
5586000	-2800.2794992727786	5029.0	-2808.8500461929466	8.570546920168187
5587000	-2801.5909782050085	5030.0	-2809.8880207778157	8.297042572807033
5588000	-2801.7897361001646	5031.0	-2809.65319733878	7.863461238615577
5589000	-2805.763912572661	5031.0	-2813.5924283449826	7.8285157723216825
5590000	-2803.6629558060463	5032.0	-2811.3252290283126	7.662273222266217
5591000	-2800.850937495701	5033.0	-2809.360118695101	8.50918119939982
5592000	-2801.037040594037	5034.0	-2809.2695609685265	8.23252037448959
5593000	-2801.7104025901367	5035.0	-2810.0421708510535	8.331768260916668
5594000	-2801.057534216466	5036.0	-2809.2938042416886	8.23627002522258
5595000	-2801.112948042619	5037.0	-2809.704797166953	8.591849124334098
5596000	-2801.3963873713187	5038.0	-2809.193107234999	7.796719863680097
5597000	-2805.780175792541	5039.0	-2813.895161990397	8.114986197856044
5598000	-2802.2922604419223	5040.0	-2809.3365185911634	7.044258149241058
5599000	-2803.0926731293957	5040.0	-2809.230345677245	6.137672547849284
5600000	-2805.259814323905	5041.0	-2812.8758642781513	7.616049954246227
5601000	-2806.3504178145654	5042.0	-2813.9197934742597	7.569375659694115
5602000	-2801.124500435462	5043.0	-2808.636229854045	7.511729418582742
5603000	-2804.6830148460676	5044.0	-2813.0900589105745	8.407044064507083
5604000	-2808.7485311773853	5045.0	-2816.084500081781	7.335968904395545
5605000	-2801.347055726252	5046.0	-2809.215431250908	7.868375524655564
5606000	-2803.6481868057117	5047.0	-2810.5051498971166	6.856963091404756
5607000	-2805.2193126554803	5048.0	-2812.1258209337802	6.90650827830012
5608000	-2804.4129364980568	5049.0	-2812.1824456345166	7.769509136459908
5609000	-2801.586828712391	5049.0	-2809.642294377136	8.055465664744899
5610000	-2800.4732673908816	5050.0	-2808.456323420548	7.983056029666341
5611000	-2801.7896193253755	5051.0	-2809.817832302549	8.028212977173489
5612000	-2803.2833342118406	5052.0	-2810.724612779053	7.441278567212386
5613000	-2801.4976914119716	5053.0	-2809.8344220021286	8.336730590156876
5614000	-2801.757779450428	5054.0	-2809.305315190147	7.547535739718965
5615000	-2802.368705503917	5055.0	-2810.34762183406	7.978916330143037
5616000	-2803.1708975519746	5056.0	-2810.890297119302	7.719399567327338
5617000	-2800.8469305355948	5057.0	-2808.8366285230063	7.98969798741146
5618000	-2801.1676954029767	5058.0	-2809.9526072505073	8.784911847530463
5619000	-2802.3812801258578	5058.0	-2810.3732978058715	7.992017680013713
5620000	-2803.4786451108002	5059.0	-2809.478678014109	6.000032903308496
5621000	-2800.93277254983	5060.0	-2809.053495819259	8.120723269428836
5622000	-2813.7007461122425	5061.0	-2819.6802184074245	5.9794722951817665
5623000	-2801.394817979465	5062.0	-2809.911858225446	8.517040245980656
5624000	-2800.922542463021	5063.0	-2809.009947252875	8.087404789854123
5625000	-2801.1876761775416	5064.0	-2809.435416376857	8.247740199315533
5626000	-2801.8960413289187	5065.0	-2809.8842935739294	7.988252245010621
5627000	-2802.207347052411	5066.0	-2810.4515357138976	8.244188661486687
5628000	-2800.913474908644	5067.0	-2809.081226525448	8.167751616804079
5629000	-2802.3047229252334	5067.0	-2810.328976147061	8.02425322182777
5630000	-2803.968079295603	5068.0	-2811.2864195273196	7.318340231716606
5631000	-2803.676158688859	5069.0	-2811.6864322172414	8.01027352838274
5632000	-2805.1508943633517	5070.0	-2813.0147526550154	7.8638582916635675
5633000	-2802.8496844654705	5071.0	-2810.4417897334706	7.592105268000168
5634000	-2800.5173511188927	5072.0	-2809.0652324988278	8.547881379935017
5635000	-2803.9165454017907	5073.0	-2811.502261582386	7.585716180595235
5636000	-2801.418375049559	5074.0	-2809.3369369693196	7.91856191976064
5637000	-2805.600639433713	5075.0	-2813.62132570428	8.020686270567097
5638000	-2804.9524898096197	5076.0	-2812.69686686027	7.744377050650208
5639000	-2802.2909417782594	5076.0	-2809.6309122873718	7.339970509112537
5640000	-2801.7776018106915	5077.0	-2810.3821205995705	8.604518788879076
5641000	-2805.9563763145834	5078.0	-2811.3352091399056	5.3788328253222595
5642000	-2804.9091070759227	5079.0	-2810.0444379285336	5.135330852611036
5643000	-2802.067335468669	5080.0	-2810.1070933865603	8.039757917891105
5644000	-2802.4695169124384	5081.0	-2809.766033167691	7.2965162552525396
5645000	-2804.5431213076076	5082.0	-2812.6346315769633	8.09151026935561
5646000	-2801.370335266955	5083.0	-2808.826645188996	7.456309922040655
5647000	-2801.9947624392707	5084.0	-2810.629294268858	8.634531829587232
5648000	-2804.0729367434396	5085.0	-2811.4378966561094	7.36495991266974
5649000	-2800.6583101323913	5085.0	-2808.924800595525	8.26649046313397
5650000	-2805.8862478438414	5086.0	-2813.878658677881	7.992410834039628
5651000	-2807.393041700604	5087.0	-2813.2337907230863	5.840749022482052
5652000	-2802.5543312047494	5088.0	-2811.1744488134023	8.620117608652684
5653000	-2804.6388076676444	5089.0	-2810.040938118827	5.402130451182684
5654000	-2804.167365948692	5090.0	-2812.72753199041	8.560166041718327
5655000	-2801.7909294627398	5091.0	-2809.9100871858864	8.11915772314641
5656000	-2804.052485622895	5092.0	-2811.9022776659376	7.849792043042683
5657000	-2801.596338632135	5093.0	-2809.2746269678096	7.678288335674753
5658000	-2802.424527143188	5094.0	-2811.001858944405	8.577331801217078
5659000	-2802.8780336319523	5094.0	-2810.7667401234885	7.888706491536027
5660000	-2801.6654214327787	5095.0	-2809.978870146406	8.313448713626983
5661000	-2803.0722122115217	5096.0	-2811.387204605053	8.314992393531025
5662000	-2805.398001433611	5097.0	-2811.372078583742	5.974077150131061
5663000	-2805.108029190556	5098.0	-2811.3113408945565	6.203311704000441
5664000	-2803.7021771269765	5099.0	-2812.4207429627127	8.718565835736378
5665000	-2802.1456792128424	5100.0	-2809.2520440258713	7.10636481302906
5666000	-2801.0068047845693	5101.0	-2809.1208951880335	8.114090403464013
5667000	-2803.6390850779703	5102.0	-2811.71085124069	8.071766162719477
5668000	-2805.4945202982035	5103.0	-2810.2232150744367	4.728694776233375
5669000	-2803.3679809263795	5103.0	-2811.387158094376	8.019177167996318
5670000	-2800.860333640999	5104.0	-2809.5106363171326	8.650302676133224
5671000	-2802.3058930668776	5105.0	-2810.1557555649647	7.849862498086864
5672000	-2805.125311593159	5106.0	-2812.699429183849	7.574117590690053
5673000	-2801.443546778817	5107.0	-2809.5168367714514	8.073289992634184
5674000	-2800.9291869616986	5108.0	-2809.255787015625	8.326600053926569
5675000	-2800.926165844123	5109.0	-2808.932677719814	8.00651187569122
5676000	-2805.797167423292	5110.0	-2812.8939561084376	7.096788685145258
5677000	-2803.0865421057156	5111.0	-2810.6920342970648	7.605492191349216
5678000	-2803.2417390649875	5112.0	-2811.0847916605935	7.843052595606133
5679000	-2803.444866808872	5112.0	-2811.2036576701803	7.7587908613081344
5680000	-2806.19310991263	5113.0	-2814.164951916212	7.971842003581848
5681000	-2801.153534536295	5114.0	-2809.1621730766074	8.008638540312301
5682000	-2801.1928100355804	5115.0	-2809.6663101638687	8.473500128288475
5683000	-2803.366394402523	5116.0	-2811.738569908739	8.372175506216205
5684000	-2802.2159217815606	5117.0	-2809.77244532668	7.556523545119654
5685000	-2802.685545895691	5118.0	-2810.803729613318	8.118183717627028
5686000	-2801.9783380748463	5119.0	-2809.263514999414	7.2851769245674225
5687000	-2801.5147543843873	5120.0	-2809.299245721697	7.7844913373095475
5688000	-2804.676356603579	5121.0	-2812.7888235212777	8.112466917698612
5689000	-2802.222980590419	5121.0	-2810.3878517263283	8.164871135909568
5690000	-2805.6382867314405	5122.0	-2813.6308997348638	7.992613003423317
5691000	-2801.544959155483	5123.0	-2810.1666407179837	8.62168156250089
5692000	-2807.258011361413	5124.0	-2814.559114020812	7.301102659399094
5693000	-2801.0398150761134	5125.0	-2809.315761688016	8.275946611902565
5694000	-2800.8706411357507	5126.0	-2808.9114847522847	8.040843616533746
5695000	-2803.2000435543423	5127.0	-2811.2116919553378	8.011648400995455
5696000	-2802.330071027345	5128.0	-2810.275929413592	7.945858386247004
5697000	-2805.342010358625	5129.0	-2813.39456423521	8.052553876585218
5698000	-2801.5765493353597	5130.0	-2809.718429210462	8.141879875102525
5699000	-2803.897655938044	5130.0	-2811.460101080903	7.562445142859078
5700000	-2801.533696572095	5131.0	-2809.7971335962247	8.263437024129761
5701000	-2800.6675435911648	5132.0	-2809.312806494794	8.64526290362948
5702000	-2802.7939340402245	5133.0	-2810.2951400821657	7.501206041941062
5703000	-2802.13867156455	5134.0	-2809.225892913827	7.087221349277069
5704000	-2804.411810804696	5135.0	-2812.4501518296174	8.038341024921454
5705000	-2802.1436412262565	5136.0	-2810.3107488284836	8.167107602227112
5706000	-2801.2733447923306	5137.0	-2809.6105548023315	8.337210010000824
5707000	-2801.993058749585	5138.0	-2809.9160236371927	7.922964887607427
5708000	-2801.9216888813216	5139.0	-2809.361583983686	7.439895102364721
5709000	-2802.909528671737	5139.0	-2810.973266927984	8.06373825624662
5710000	-2802.324423182051	5140.0	-2810.996517866911	8.67209468486004
5711000	-2807.2790711718058	5141.0	-2813.0798141835394	5.800743011733583
5712000	-2801.1412526754425	5142.0	-2809.512594486242	8.371341810799649
5713000	-2804.8295854052803	5143.0	-2811.1857101815467	6.356124776266492
5714000	-2803.7336360377144	5144.0	-2810.8155770479584	7.081941010243884
5715000	-2804.50253610828	5145.0	-2811.1048442927568	6.602308184476922
5716000	-2800.7959305564113	5146.0	-2809.1744988054134	8.378568249002196
5717000	-2801.786051002995	5147.0	-2809.8734776579254	8.08742665493038
5718000	-2807.344409427906	5148.0	-2815.22003207797	7.875622650063594
5719000	-2800.9509714961596	5148.0	-2809.005419160855	8.054447664695328
5720000	-2800.9554462117344	5149.0	-2808.969775560458	8.014329348723653
5721000	-2805.1388977272827	5150.0	-2812.3903780422925	7.251480315009921
5722000	-2803.2815936674433	5151.0	-2811.1029840985943	7.821390431150815
5723000	-2805.759456989	5152.0	-2813.7067407935483	7.947283804548744
5724000	-2805.7234420697246	5153.0	-2812.9223561672393	7.198914097514787
5725000	-2800.661602750242	5154.0	-2808.9211606414674	8.259557891225416
5726000	-2801.3339427100273	5155.0	-2809.689903937709	8.355961227681549
5727000	-2803.315602153954	5156.0	-2810.812915340367	7.497313186413194
5728000	-2804.2741310189485	5157.0	-2809.0601234750657	4.785992456116919
5729000	-2804.2387888378394	5157.0	-2812.145642919512	7.906854081672515
5730000	-2804.828057287247	5158.0	-2813.184311331763	8.35625404451621
5731000	-2803.0945293814952	5159.0	-2810.6838781166475	7.589348735152321
5732000	-2801.4014928831725	5160.0	-2809.906984552426	8.505491669253392
5733000	-2801.1717141231447	5161.0	-2808.99196813505	7.820254011904907
5734000	-2802.4131558369004	5162.0	-2810.8359962951886	8.422840458288217
5735000	-2801.8419982935047	5163.0	-2809.468613068416	7.626614774910885
5736000	-2801.071778059168	5164.0	-2809.408518432005	8.33674037283691
5737000	-2801.522577096781	5165.0	-2808.5652295806844	7.0426524839036375
5738000	-2800.419903344735	5166.0	-2808.8162486867263	8.396345341991712
5739000	-2804.652254887012	5166.0	-2812.3658090836293	7.713554196617312
5740000	-2803.566391868259	5167.0	-2810.9890889458434	7.422697077584596
5741000	-2804.048299155982	5168.0	-2811.66589642986	7.6175972738780295
5742000	-2805.937893769653	5169.0	-2813.3103323120613	7.37243854240838
5743000	-2803.932402332281	5170.0	-2813.009073297157	9.076670964875854
5744000	-2803.227295605636	5171.0	-2810.8773157128103	7.650020107174315
5745000	-2801.542382631462	5172.0	-2810.0471880901096	8.504805458647711
5746000	-2802.69043784509	5173.0	-2811.2342520159864	8.543814170896498
5747000	-2802.4793713423355	5174.0	-2811.1010500731745	8.621678730838862
5748000	-2804.8989426888556	5175.0	-2811.958948556098	7.0600058672424755
5749000	-2802.7032276672257	5175.0	-2809.8857046775624	7.182477010336625
5750000	-2805.563778795337	5176.0	-2813.911772289731	8.347993494393716
5751000	-2802.9954252817556	5177.0	-2810.9164749760944	7.921049694338816
5752000	-2800.4252274314354	5178.0	-2808.455314203806	8.030086772370925
5753000	-2801.667188671404	5179.0	-2810.467717537114	8.800528865709845
5754000	-2804.7861646587075	5180.0	-2812.3645934745996	7.578428815892175
5755000	-2801.9393641753054	5181.0	-2809.728708162162	7.789343986856591
5756000	-2804.4818450488133	5182.0	-2812.5798057978695	8.097960749056034
5757000	-2802.3533445945777	5183.0	-2810.62651428567	8.273169691092367
5758000	-2804.1771566865996	5184.0	-2811.9915302722707	7.8143735856711265
5759000	-2807.4131079605845	5184.0	-2815.343845887196	7.9307379266115605
5760000	-2802.5735534400046	5185.0	-2809.6045737608024	7.031020320797947
5761000	-2802.5235052834055	5186.0	-2810.467123659581	7.943618376175336
5762000	-2801.402085397033	5187.0	-2809.1536796864666	7.751594289433672
5763000	-2801.4038350465285	5188.0	-2809.111224626053	7.7073895795247145
5764000	-2802.017424928362	5189.0	-2810.608898956539	8.591474028177176
5765000	-2801.4672349704724	5190.0	-2809.825964939497	8.358729969024807
5766000	-2801.150854567064	5191.0	-2809.1998606983298	8.04900613126569
5767000	-2801.580689676841	5192.0	-2809.8216003333428	8.240910656501695
5768000	-2800.7468874149968	5193.0	-2809.239256005053	8.49236859005633
5769000	-2805.55598059066	5193.0	-2813.5712883080623	8.015307717402248
5770000	-2803.884977105562	5194.0	-2809.062127522953	5.177150417390614
5771000	-2802.271151824495	5195.0	-2809.363726565244	7.0925747407490425
5772000	-2801.9004280308773	5196.0	-2809.2518633747904	7.351435343912987
5773000	-2803.3125246842947	5197.0	-2811.046063447322	7.733538763027281
5774000	-2801.4429966460334	5198.0	-2809.248926427901	7.805929781867723
5775000	-2802.9071933922473	5199.0	-2810.4850994886033	7.5779060963557985
5776000	-2801.8476312915327	5200.0	-2809.972724685384	8.125093393851365
5777000	-2800.957623034112	5201.0	-2809.388697793872	8.431074759759746
5778000	-2800.7150021545312	5202.0	-2809.0040438496653	8.28904169513397
5779000	-2800.403596854747	5202.0	-2808.3477278302316	7.944130975484757
5780000	-2803.7702116715573	5203.0	-2809.2881164959635	5.517904824406467
5781000	-2801.903781270609	5204.0	-2810.311560091711	8.407778821101669
5782000	-2802.3445178447487	5205.0	-2810.5557523733137	8.211234528565171
5783000	-2806.0625195539437	5206.0	-2811.3021397113457	5.239620157402065
5784000	-2801.643166950378	5207.0	-2810.027461796982	8.384294846604174
5785000	-2808.706423529336	5208.0	-2816.156770711968	7.450347182632134
5786000	-2803.8329359748545	5209.0	-2811.284233008183	7.451297033328533
5787000	-2803.8833859841334	5210.0	-2812.1780327187244	8.294646734591186
5788000	-2805.4515945449134	5211.0	-2813.194202722974	7.7426081780605704
5789000	-2806.2555687192985	5211.0	-2813.477357710949	7.221788991650569
5790000	-2803.0230877941367	5212.0	-2810.637026826367	7.61393903223066
5791000	-2801.8818437781497	5213.0	-2809.9309419030196	8.049098124870003
5792000	-2804.206525491785	5214.0	-2810.822859006403	6.616333514617793
5793000	-2800.3003719365765	5215.0	-2808.6777095235566	8.377337586979866
5794000	-2801.7496070510524	5216.0	-2809.640695611318	7.891088560265286
5795000	-2805.0798617979062	5217.0	-2812.3371997104723	7.257337912565998
5796000	-2806.4385524517565	5218.0	-2812.2313906456147	5.792838193858296
5797000	-2805.2856708334966	5219.0	-2812.976617863575	7.690947030078305
5798000	-2803.010956098043	5220.0	-2810.967092348386	7.956136250342549
5799000	-2802.8103485425577	5220.0	-2811.0895870550185	8.27923851246081
5800000	-2805.84901817906	5221.0	-2813.9783421025254	8.129323923465723
5801000	-2801.2551464136977	5222.0	-2809.6005368663273	8.345390452629525
5802000	-2807.5398746690544	5223.0	-2816.133816736867	8.593942067812671
5803000	-2804.1452204810857	5224.0	-2811.690031687897	7.544811206810951
5804000	-2801.3647022924883	5225.0	-2809.2189834446217	7.8542811521333915
5805000	-2803.4917677026974	5226.0	-2810.034254167098	6.542486464400712
5806000	-2800.6002669011773	5227.0	-2809.2982657930984	8.697998891921051
5807000	-2805.079403341476	5228.0	-2811.1932206299043	6.113817288428624
5808000	-2805.134120922517	5229.0	-2813.215824258295	8.081703335777817
5809000	-2803.734181433801	5229.0	-2811.909692361766	8.175510927964817
5810000	-2807.0542417216243	5230.0	-2813.5904864729573	6.536244751333182
5811000	-2801.359677584722	5231.0	-2809.5130527772267	8.15337519250499
5812000	-2801.5537683334705	5232.0	-2809.6895352577185	8.135766924248134
5813000	-2802.7810678359265	5233.0	-2811.130236358345	8.349168522418713
5814000	-2805.384485626712	5234.0	-2812.5364079654782	7.151922338766218
5815000	-2803.460469810319	5235.0	-2809.8785116653994	6.418041855080363
5816000	-2802.2489216652993	5236.0	-2810.0744447270954	7.825523061796214
5817000	-2801.6662743884813	5237.0	-2809.902272095032	8.235997706550634
5818000	-2805.394706246117	5238.0	-2813.2223046828763	7.827598436759032
5819000	-2801.887573628216	5238.0	-2810.2606255956694	8.373051967453383
5820000	-2804.185320303177	5239.0	-2810.6192679972673	6.433947694090291
5821000	-2805.4127127427487	5240.0	-2813.6754274347622	8.262714692013564
5822000	-2801.8173683833666	5241.0	-2810.043065559611	8.225697176244356
5823000	-2802.1381487640733	5242.0	-2809.6822384822663	7.544089718192714
5824000	-2802.5339182225007	5243.0	-2810.660502193369	8.126583970868706
5825000	-2803.6896040512115	5244.0	-2812.093731284166	8.404127232954412
5826000	-2802.667385666979	5245.0	-2810.9037229795827	8.236337312603721
5827000	-2801.9057416119003	5246.0	-2809.5394116074544	7.633669995554024
5828000	-2801.0561673398547	5247.0	-2809.4973705812267	8.441203241372074
5829000	-2808.0529473673337	5247.0	-2815.46839870254	7.415451335206539
5830000	-2801.6494982743407	5248.0	-2809.175087461418	7.525589187077671
5831000	-2800.720284759013	5249.0	-2808.999154091836	8.278869332823144
5832000	-2804.9560768504484	5250.0	-2813.144184010099	8.188107159650535
5833000	-2800.604923739593	5251.0	-2809.0420367191537	8.437112979561089
5834000	-2808.8584527536677	5252.0	-2817.433969818656	8.57551706498831
5835000	-2803.6762214434525	5253.0	-2811.956413236788	8.280191793335469
5836000	-2802.0434165416186	5254.0	-2809.543910854891	7.500494313272314
5837000	-2802.3935442365955	5255.0	-2809.9698210902593	7.5762768536636695
5838000	-2807.0457386045628	5256.0	-2812.756172674078	5.710434069515156
5839000	-2804.097888846028	5256.0	-2811.016312401814	6.918423555785886
5840000	-2803.5595312791556	5257.0	-2810.8288874513864	7.269356172231023
5841000	-2803.7654691047624	5258.0	-2811.110125844899	7.34465674013672
5842000	-2803.020913903263	5259.0	-2811.3527817079844	8.331867804721078
5843000	-2806.173623924526	5260.0	-2814.1919146782693	8.01829075374345
5844000	-2804.0786822934037	5261.0	-2812.3727107200025	8.294028426598665
5845000	-2806.3490976270964	5262.0	-2814.570240263538	8.221142636441385
5846000	-2803.240046561112	5263.0	-2811.567090725847	8.327044164734687
5847000	-2802.148913401132	5264.0	-2809.668132673403	7.519219272270872
5848000	-2801.421134580645	5265.0	-2809.288399430494	7.867264849849274
5849000	-2804.5914259555734	5265.0	-2811.916752317309	7.325326361735578
5850000	-2803.697977396367	5266.0	-2811.5834046710997	7.88542727473279
5851000	-2804.8281257344097	5267.0	-2810.6594873601625	5.831361625752859
5852000	-2805.7140332007534	5268.0	-2813.5476904511547	7.833657250401393
5853000	-2801.6026132840348	5269.0	-2809.539576115939	7.936962831904135
5854000	-2804.622296813399	5270.0	-2813.212777276889	8.59048046349021
5855000	-2803.4617720004308	5271.0	-2811.089534939255	7.627762938823989
5856000	-2802.30210687781	5272.0	-2810.599511958467	8.2974050806572
5857000	-2802.435811674757	5273.0	-2811.4160117768747	8.980200102117633
5858000	-2801.517098364391	5274.0	-2809.475868956545	7.958770592153872
5859000	-2802.538097606001	5274.0	-2810.382002842953	7.843905236952018
5860000	-2806.250984072242	5275.0	-2814.016551985731	7.765567913489347
5861000	-2801.4526259177132	5276.0	-2809.7471189896387	8.294493071925553
5862000	-2802.8520684863656	5277.0	-2810.4944009104383	7.642332424072737
5863000	-2802.4341915276837	5278.0	-2809.862750139613	7.428558611929509
5864000	-2803.2495887653026	5279.0	-2810.7025595904133	7.452970825110621
5865000	-2802.5738112801905	5280.0	-2810.139376138807	7.565564858616556
5866000	-2803.7522236274785	5281.0	-2810.360841225452	6.608617597973556
5867000	-2802.4517239900206	5282.0	-2810.5699855336848	8.118261543664104
5868000	-2801.054011237812	5283.0	-2809.535697040146	8.481685802333594
5869000	-2801.94634304221	5283.0	-2809.801436150026	7.855093107815547
5870000	-2802.472068153071	5284.0	-2810.605817869395	8.13374971632406
5871000	-2801.8214249082694	5285.0	-2809.187186486761	7.365761578491912
5872000	-2803.0896384857683	5286.0	-2810.831280774315	7.741642288546635
5873000	-2802.2452343878267	5287.0	-2810.1642050795276	7.91897069170068
5874000	-2801.832385742975	5288.0	-2810.5787511018993	8.746365358924352
5875000	-2800.662739396365	5289.0	-2809.2166794714667	8.553940075101876
5876000	-2803.4450243813158	5290.0	-2810.394478868339	6.949454487023052
5877000	-2809.8702002862647	5291.0	-2817.514427556117	7.644227269852279
5878000	-2801.5151491186966	5292.0	-2809.411866516259	7.8967173975624245
5879000	-2800.421835317373	5292.0	-2808.385947639491	7.964112322117926
5880000	-2803.9784037936092	5293.0	-2811.6559262618853	7.677522468276008
5881000	-2803.8884910447086	5294.0	-2811.8446841114483	7.956193066739677
5882000	-2802.6573512072328	5295.0	-2808.503890719832	5.846539512598865
5883000	-2801.2818594186374	5296.0	-2809.608463784468	8.3266043658304
5884000	-2800.581945889627	5297.0	-2808.7383831378565	8.156437248229459
5885000	-2802.897822212701	5298.0	-2810.4140775449073	7.516255332206156
5886000	-2802.9612121310197	5299.0	-2809.462148374789	6.50093624376936
5887000	-2802.472297323325	5300.0	-2810.2625225398315	7.790225216506341
5888000	-2801.51649639323	5301.0	-2809.7458014444996	8.229305051269481
5889000	-2803.046380619339	5301.0	-2808.959860658689	5.9134800393504765
5890000	-2801.2781011743596	5302.0	-2809.6010731121037	8.322971937744217
5891000	-2806.315445818774	5303.0	-2813.4528532094864	7.1374073907121325
5892000	-2802.267789376168	5304.0	-2810.2772323722734	8.009442996105298
5893000	-2801.332504470622	5305.0	-2809.4400194856653	8.107515015043097
5894000	-2803.3077827165653	5306.0	-2811.1769501261406	7.8691674095755015
5895000	-2803.482968387556	5307.0	-2811.3401824011535	7.857214013597417
5896000	-2805.77252273165	5308.0	-2814.367353626862	8.594830895212182
5897000	-2807.1680453349427	5309.0	-2814.8258814026362	7.657836067693347
5898000	-2801.9780288615725	5310.0	-2809.5439669673015	7.565938105729057
5899000	-2803.196888928594	5310.0	-2811.2175857914353	8.02069686284118
5900000	-2803.4841888803335	5311.0	-2811.2862722797486	7.802083399415272
5901000	-2803.4268574181347	5312.0	-2811.4366010387766	8.009743620642102
5902000	-2802.465164231337	5313.0	-2810.0743324141204	7.609168182783254
5903000	-2805.030693552148	5314.0	-2813.316792399295	8.286098847147013
5904000	-2802.1127403190335	5315.0	-2810.0509905838653	7.938250264831612
5905000	-2801.77825685044	5316.0	-2810.290834978548	8.512578128108204
5906000	-2802.866024601167	5317.0	-2811.0121224669883	8.146097865821618
5907000	-2803.2528008010668	5318.0	-2809.89882120531	6.64602040424341
5908000	-2802.4637440177585	5319.0	-2810.0502572048376	7.586513187078987
5909000	-2801.7165730366996	5319.0	-2809.553417066126	7.836844029426334
5910000	-2801.9278096486687	5320.0	-2810.089795370218	8.161985721549186
5911000	-2801.3165275768733	5321.0	-2809.431554131291	8.115026554417636
5912000	-2803.349962122947	5322.0	-2811.8026266590564	8.45266453610946
5913000	-2801.948027518474	5323.0	-2809.7114860345105	7.763458516036464
5914000	-2802.071003779509	5324.0	-2809.610943903366	7.539940123857281
5915000	-2803.3847851244273	5325.0	-2811.768476035394	8.383690910966802
5916000	-2807.0570847965273	5326.0	-2814.9563574945737	7.899272698046585
5917000	-2802.0275394519745	5327.0	-2810.1548945548884	8.12735510291385
5918000	-2807.508722129368	5328.0	-2813.6213043898842	6.112582260516183
5919000	-2801.8212056334983	5328.0	-2810.102855035522	8.281649402024179
5920000	-2803.396550504635	5329.0	-2809.9085710965323	6.512020591897393
5921000	-2804.607139300339	5330.0	-2811.120668198718	6.513528898378855
5922000	-2802.691467238678	5331.0	-2811.290299814519	8.598832575841026
5923000	-2802.3596268478827	5332.0	-2810.8348450517333	8.475218203850607
5924000	-2806.379018307123	5333.0	-2813.6661326194003	7.287114312277486
5925000	-2802.0783086181523	5334.0	-2810.27554382465	8.197235206497641
5926000	-2801.0224623057966	5335.0	-2809.200626366808	8.178164061011564
5927000	-2803.8978923020954	5336.0	-2811.47498292541	7.577090623314892
5928000	-2805.469316326476	5337.0	-2813.6990882946275	8.229771968151649
5929000	-2802.5861755540295	5337.0	-2811.207321953815	8.621146399785463
5930000	-2801.4432943223665	5338.0	-2809.9051126236604	8.461818301294084
5931000	-2804.612904500308	5339.0	-2813.0261262010727	8.413221700764403
5932000	-2805.476975956892	5340.0	-2812.139745523555	6.662769566662817
5933000	-2802.771282059483	5341.0	-2810.838149259181	8.066867199698423
5934000	-2801.7942318335818	5342.0	-2810.084051313053	8.289819479471111
5935000	-2801.6877529581784	5343.0	-2809.1462021226466	7.458449164468016
5936000	-2800.475212957389	5344.0	-2808.685015990433	8.209803033043755
5937000	-2800.5685522486665	5345.0	-2808.432690979347	7.864138730680711
5938000	-2802.551952290161	5346.0	-2810.300686732934	7.748734442773127
5939000	-2801.2182265652928	5346.0	-2809.050540124828	7.832313559535192
5940000	-2800.54288845273	5347.0	-2808.868884403159	8.32599595042901
5941000	-2801.033667854742	5348.0	-2809.36983621184	8.336168357097833
5942000	-2804.347266356564	5349.0	-2812.0698712766743	7.722604920110222
5943000	-2802.013751317783	5350.0	-2810.0595241836213	8.04577286583828
5944000	-2802.2961252761834	5351.0	-2810.1655547926	7.869429516416579
5945000	-2803.9880661504817	5352.0	-2813.0814980573878	9.093431906906032
5946000	-2804.5087756734997	5353.0	-2812.3421901103466	7.833414436846679
5947000	-2801.254342321572	5354.0	-2809.035782396039	7.781440074467056
5948000	-2803.0052728264986	5355.0	-2810.7522707828334	7.746997956334675
5949000	-2801.0076992317545	5355.0	-2809.005647829812	7.997948598057541
5950000	-2802.079000692371	5356.0	-2809.3431717737126	7.264171081341595
5951000	-2801.0606471898996	5357.0	-2809.0696782692803	8.00903107938069
5952000	-2801.4284891404945	5358.0	-2809.786925015029	8.358435874534308
5953000	-2803.455320873778	5359.0	-2811.8927038811166	8.437383007338873
5954000	-2802.3322896474424	5360.0	-2810.037814978153	7.705525330710754
5955000	-2800.460637286147	5361.0	-2808.793796536489	8.33315925034168
5956000	-2802.353789693865	5362.0	-2810.4993258734958	8.145536179630685
5957000	-2802.803630687563	5363.0	-2811.2111250527514	8.407494365188558
5958000	-2803.7230117131626	5364.0	-2809.922071614801	6.199059901638439
5959000	-2802.107731745257	5364.0	-2808.7555640398837	6.647832294626727
5960000	-2801.3920040138237	5365.0	-2809.5170340783657	8.125030064542111
5961000	-2800.8617956487014	5366.0	-2808.822444328065	7.960648679363601
5962000	-2801.0318310711673	5367.0	-2809.6622883386403	8.630457267473046
5963000	-2809.7171348292272	5368.0	-2816.877420083546	7.16028525431887
5964000	-2807.543336220959	5369.0	-2815.4097141774464	7.866377956487383
5965000	-2804.2709086415434	5370.0	-2812.2349081721927	7.96399953064914
5966000	-2802.3096748164494	5371.0	-2808.9672164799977	6.657541663548324
5967000	-2804.6654253073907	5372.0	-2811.3740834642367	6.708658156845868
5968000	-2802.490318500722	5373.0	-2810.066646167907	7.576327667185063
5969000	-2803.3141303455295	5373.0	-2811.76943087406	8.45530052853044
5970000	-2801.249232612542	5374.0	-2809.3700107869417	8.12077817439974
5971000	-2804.935701635941	5375.0	-2811.6340417431165	6.698340107175651
5972000	-2801.021801634633	5376.0	-2809.567705203648	8.545903569014929
5973000	-2805.3718631709667	5377.0	-2811.0807097911543	5.7088466201876304
5974000	-2801.1133585966227	5378.0	-2809.335614025111	8.22225542848869
5975000	-2804.0495350447904	5379.0	-2811.16293495875	7.1133999139598565
5976000	-2805.8413045654092	5380.0	-2810.448253623993	4.606949058583938
5977000	-2800.7094394254536	5381.0	-2808.9661230056045	8.256683580151043
5978000	-2802.3758240860934	5382.0	-2810.1916995385754	7.8158754524818255
5979000	-2804.304664462882	5382.0	-2812.021434318538	7.716769855655773
5980000	-2801.0758913853037	5383.0	-2809.4897167309837	8.413825345680058
5981000	-2800.584421267839	5384.0	-2808.7838163481006	8.19939508026172
5982000	-2801.4791556939936	5385.0	-2808.898610480115	7.419454786121669
5983000	-2804.5747418394817	5386.0	-2812.5504734779315	7.975731638449782
5984000	-2801.056190096658	5387.0	-2809.11062914924	8.054439052582147
5985000	-2800.8221894135872	5388.0	-2808.985113920207	8.162924506619524
5986000	-2803.8244450222596	5389.0	-2811.493933953512	7.669488931252698
5987000	-2803.5326373000994	5390.0	-2811.608808295383	8.076170995283512
5988000	-2802.031403351297	5391.0	-2809.6585744756912	7.62717112439441
5989000	-2801.312875106599	5391.0	-2809.4929757648974	8.180100658298208
5990000	-2801.3590380665223	5392.0	-2808.58692880957	7.22789074304788
5991000	-2802.2230119552696	5393.0	-2809.958292912349	7.735280957079402
5992000	-2800.7202840373366	5394.0	-2809.030457734606	8.31017369726953
5993000	-2801.00167554092	5395.0	-2809.034162492181	8.03248695126083
5994000	-2802.7729258876057	5396.0	-2810.9881530750235	8.21522718741777
5995000	-2805.6011326041385	5397.0	-2813.483448696451	7.882316092312497
5996000	-2803.200225279191	5398.0	-2811.6557708148234	8.455545535632616
5997000	-2805.2123941401155	5399.0	-2813.5219072529703	8.309513112854624
5998000	-2800.7300478533807	5400.0	-2809.037324721714	8.307276868333249
5999000	-2804.0780459622033	5400.0	-2812.5546008292813	8.47655486707786
6000000	-2801.0704849339418	5401.0	-2808.844551241679	7.774066307737156
6001000	-2803.4159089862787	5402.0	-2810.7507615672043	7.334852580925823
6002000	-2802.689057870114	5403.0	-2810.2790086722434	7.589950802129322
6003000	-2800.291842800024	5404.0	-2808.4691688766716	8.177326076647791
6004000	-2802.197806022563	5405.0	-2809.742913383266	7.545107360703276
6005000	-2804.023572542068	5406.0	-2812.130962760665	8.10739021859705
6006000	-2802.424925655942	5407.0	-2810.580021421496	8.155095765554274
6007000	-2802.0122003226124	5408.0	-2810.2364284385117	8.224228115899287
6008000	-2801.479105933101	5409.0	-2809.9893967284866	8.510290795385442
6009000	-2800.7159907190785	5409.0	-2809.0458591502443	8.329868431165888
6010000	-2800.5565040084707	5410.0	-2808.9151867008545	8.358682692383987
6011000	-2802.6440427091384	5411.0	-2810.6834660480904	8.039423338951966
6012000	-2803.9836520029994	5412.0	-2811.7182502615465	7.734598258546926
6013000	-2803.818427207197	5413.0	-2811.124779735563	7.3063525283658315
6014000	-2802.718348816916	5414.0	-2811.01573941307	8.297390596153978
6015000	-2801.45994751077	5415.0	-2809.1850265442436	7.725079033473937
6016000	-2804.3020650436674	5416.0	-2812.1782488917347	7.876183848067218
6017000	-2802.6166352299733	5417.0	-2810.936094015022	8.319458785048617
6018000	-2802.7939074161027	5418.0	-2810.9926520932167	8.19874467711398
6019000	-2803.4491590792522	5418.0	-2811.149292360497	7.70013328124469
6020000	-2802.6661548655147	5419.0	-2811.10657092585	8.440416060335174
6021000	-2805.548237460631	5420.0	-2811.8600681355756	6.311830674944535
6022000	-2802.5176353586967	5421.0	-2809.910774053992	7.393138695295282
6023000	-2800.449961379759	5422.0	-2808.7393074510246	8.289346071265566
6024000	-2806.0924280182226	5423.0	-2810.698194256761	4.605766238538291
6025000	-2803.4479689345485	5424.0	-2812.0514288189065	8.603459884357807
6026000	-2804.4958751706718	5425.0	-2812.003010314876	7.507135144204259
6027000	-2804.376095389905	5426.0	-2812.5994344571445	8.223339067239493
6028000	-2801.609824838459	5427.0	-2808.608597081789	6.9987722433297135
6029000	-2804.9155128502603	5427.0	-2809.9393911013303	5.023878251069907
6030000	-2806.6479311844278	5428.0	-2814.23164992466	7.5837187402322215
6031000	-2801.877639309445	5429.0	-2810.0476608464614	8.170021537016684
6032000	-2801.2701607374925	5430.0	-2809.5437597692926	8.273599031800135
6033000	-2803.000139411129	5431.0	-2810.7631226540443	7.762983242915177
6034000	-2802.560400986183	5432.0	-2809.4761886205506	6.9157876343672715
6035000	-2801.5705376354726	5433.0	-2810.338076943453	8.767539307980416
6036000	-2800.6873921145057	5434.0	-2808.8909856429254	8.203593528419846
6037000	-2801.3206285894253	5435.0	-2809.483381154246	8.1627525648208
6038000	-2801.7087197745864	5436.0	-2809.8240479737487	8.115328199162521
6039000	-2800.7817284561247	5436.0	-2808.7923270518927	8.010598595767778
6040000	-2807.1861335505837	5437.0	-2814.9101914197563	7.7240578691724915
6041000	-2800.5649903201875	5438.0	-2809.04253481073	8.477544490542618
6042000	-2802.7417363625937	5439.0	-2811.2332099879573	8.491473625363678
6043000	-2804.468103438215	5440.0	-2812.4970140992	8.028910660984684
6044000	-2803.25264097208	5441.0	-2811.1426644700023	7.890023497922146
6045000	-2800.839013304201	5442.0	-2809.146671933878	8.307658629676812
6046000	-2805.055342995045	5443.0	-2811.401596758426	6.3462537633809095
6047000	-2804.5250307699266	5444.0	-2812.9300270786753	8.404996308748544
6048000	-2801.430889811613	5445.0	-2809.600927896492	8.170038084879247
6049000	-2802.8524497763988	5445.0	-2811.1870553907656	8.334605614367035
6050000	-2803.1295106020716	5446.0	-2811.851274290273	8.721763688201323
6051000	-2800.9336027718027	5447.0	-2809.175292407444	8.241689635641453
6052000	-2800.8611853314537	5448.0	-2809.1254469804926	8.264261649038842
6053000	-2802.6019479275633	5449.0	-2810.1334804526405	7.531532525077048
6054000	-2805.774022026936	5450.0	-2812.6315953350418	6.857573308105692
6055000	-2801.8404345139415	5451.0	-2809.638163187241	7.7977286732993
6056000	-2802.553493263743	5452.0	-2809.7611479359257	7.207654672182632
6057000	-2800.7923904088966	5453.0	-2809.302996116632	8.510605707735387
6058000	-2802.401768362726	5454.0	-2810.388609032061	7.986840669334995
6059000	-2802.906450569274	5454.0	-2810.9918830220595	8.085432452785236
6060000	-2805.8854900086912	5455.0	-2813.888507069361	8.003017060669777
6061000	-2804.5046113814515	5456.0	-2812.4995671244237	7.994955742972332
6062000	-2804.1829407941673	5457.0	-2810.4527663184094	6.269825524242226
6063000	-2806.8490267819984	5458.0	-2814.003443843836	7.1544170618375205
6064000	-2801.6512461137454	5459.0	-2809.7476342701084	8.096388156363146
6065000	-2802.9265850934025	5460.0	-2809.665407871152	6.738822777749445
6066000	-2809.2216219232587	5461.0	-2810.813235004428	1.5916130811694735
6067000	-2805.0427202314963	5462.0	-2813.260129712001	8.217409480504607
6068000	-2802.164645580303	5463.0	-2809.588053581247	7.4234080009442005
6069000	-2801.723318782673	5463.0	-2810.555101231281	8.8317824486079
6070000	-2804.9483075910016	5464.0	-2812.5838212293133	7.6355136383119016
6071000	-2804.505025702426	5465.0	-2812.5163824978818	8.01135679545606
6072000	-2802.1560599994723	5466.0	-2809.992357019504	7.836297020032091
6073000	-2802.1846196584092	5467.0	-2809.989500060029	7.804880401619656
6074000	-2804.9379482874638	5468.0	-2812.619198467877	7.681250180413194
6075000	-2802.9679658605737	5469.0	-2810.30915458545	7.341188724876173
6076000	-2804.4349235046443	5470.0	-2811.68027351341	7.24535000876581
6077000	-2803.9391925447035	5471.0	-2812.443956223043	8.50476367833991
6078000	-2803.6793338141033	5472.0	-2811.8119200511055	8.13258623700235
6079000	-2805.8152322450524	5472.0	-2814.0726670124627	8.25743476741038
6080000	-2807.630245683208	5473.0	-2814.5676727171403	6.9374270339320026
6081000	-2802.0985748773087	5474.0	-2810.0635071844526	7.964932307143773
6082000	-2805.0017081519586	5475.0	-2811.981923827269	6.9802156753104585
6083000	-2802.7846264916734	5476.0	-2811.090205689774	8.305579198100334
6084000	-2803.1503226910295	5477.0	-2811.8927404327214	8.742417741691833
6085000	-2802.5265476141763	5478.0	-2810.731837694766	8.205290080589915
6086000	-2801.7317783321087	5479.0	-2809.807987665563	8.076209333454134
6087000	-2802.4882604192776	5480.0	-2811.403229528223	8.914969108945574
6088000	-2802.2791222194255	5481.0	-2809.242264832031	6.963142612605889
6089000	-2804.5821499964045	5481.0	-2812.656601560633	8.074451564228724
6090000	-2801.207009262838	5482.0	-2809.427856627981	8.220847365142872
6091000	-2801.0584402447844	5483.0	-2809.678940665993	8.620500421208899
6092000	-2801.1946059337984	5484.0	-2808.8057463805253	7.611140446727001
6093000	-2803.72497191798	5485.0	-2811.3137163085185	7.588744390538686
6094000	-2803.0362314470635	5486.0	-2809.1709912463048	6.134759799241367
6095000	-2800.8755367740523	5487.0	-2809.312271488843	8.436734714790777
6096000	-2801.569523511531	5488.0	-2810.230262403895	8.660738892364002
6097000	-2801.6863561908635	5489.0	-2810.084980010941	8.398623820077187
6098000	-2801.278417941252	5490.0	-2810.0439228264963	8.765504885244411
6099000	-2803.435000494318	5490.0	-2812.1378281906645	8.702827696346315
6100000	-2803.0303430505064	5491.0	-2811.0789696402594	8.048626589752985
6101000	-2802.7984425927234	5492.0	-2810.789704678316	7.9912620855924175
6102000	-2805.5162364447738	5493.0	-2813.807251495767	8.291015050993488
6103000	-2801.6015261868138	5494.0	-2809.6893506218726	8.087824435058792
6104000	-2801.50454862813	5495.0	-2809.5745083533034	8.069959725173188
6105000	-2805.55166462697	5496.0	-2812.5641120506925	7.012447423722685
6106000	-2803.2002139630085	5497.0	-2810.4783542642554	7.278140301246726
6107000	-2802.379996866463	5498.0	-2810.7393785035483	8.35938163708545
6108000	-2802.711599930312	5499.0	-2811.194703069551	8.483103139239002
6109000	-2802.4847490454167	5499.0	-2810.600558605124	8.1158095597074
6110000	-2802.1043278180578	5500.0	-2810.234090245083	8.12976242702492
6111000	-2804.754086232527	5501.0	-2810.5009657583187	5.7468795257918615
6112000	-2802.956775023432	5502.0	-2810.838897006167	7.882121982734861
6113000	-2801.1544271232037	5503.0	-2809.150900550591	7.99647342738724
6114000	-2806.155148273041	5504.0	-2813.7198731405747	7.564724867533848
6115000	-2803.837346441852	5505.0	-2811.3752787424387	7.537932300586602
6116000	-2801.653154606092	5506.0	-2809.7792821712246	8.126127565132869
6117000	-2802.941139146768	5507.0	-2811.001552146359	8.060412999591096
6118000	-2805.0134636780904	5508.0	-2811.734711092518	6.721247414427378
6119000	-2800.649851596012	5508.0	-2808.6390181950546	7.989166599042394
6120000	-2804.588260646111	5509.0	-2811.020238672171	6.431978026060378
6121000	-2801.866729735002	5510.0	-2809.5642421041357	7.697512369133702
6122000	-2807.5145865455256	5511.0	-2815.1015288358244	7.586942290298906
6123000	-2805.1656576478836	5512.0	-2812.7494423873654	7.583784739481985
6124000	-2802.2423856928294	5513.0	-2810.57097040875	8.328584715920638
6125000	-2804.1018877026386	5514.0	-2812.632171200255	8.53028349761648
6126000	-2802.5559890196464	5515.0	-2810.769489436459	8.213500416812428
6127000	-2802.456822624464	5516.0	-2810.8503124558397	8.393489831375534
6128000	-2803.6545944042705	5517.0	-2812.48211692681	8.82752252253914
6129000	-2805.9467318245015	5517.0	-2813.883977952925	7.937246128423258
6130000	-2801.597531394372	5518.0	-2809.6361968626265	8.038665468254909
6131000	-2803.6611336576807	5519.0	-2810.431299088	6.770165430319288
6132000	-2804.099828641039	5520.0	-2811.0177990710276	6.917970429988399
6133000	-2800.2428628991397	5521.0	-2808.727795836738	8.48493293759845
6134000	-2804.2482585105226	5522.0	-2812.3136851386785	8.065426628155972
6135000	-2803.6619830359546	5523.0	-2810.974298399588	7.312315363633519
6136000	-2805.2148989864704	5524.0	-2813.0308006345313	7.815901648060848
6137000	-2800.6486485662826	5525.0	-2809.0318511810983	8.38320261481566
6138000	-2803.51980881813	5526.0	-2809.381551103155	5.861742285024594
6139000	-2803.914170416512	5526.0	-2811.6628919716977	7.748721555185305
6140000	-2801.626935725344	5527.0	-2809.676372810186	8.049437084842026
6141000	-2801.116569807093	5528.0	-2809.366614679425	8.25004487233167
6142000	-2808.7224921671514	5529.0	-2816.276081459053	7.5535892919015994
6143000	-2800.881375181491	5530.0	-2809.417339949021	8.535964767530123
6144000	-2803.0654822573383	5531.0	-2811.0918905324365	8.026408275098323
6145000	-2804.470007875767	5532.0	-2812.5818252496265	8.111817373859619
6146000	-2802.681121772749	5533.0	-2810.6548720530254	7.973750280276269
6147000	-2803.415273825129	5534.0	-2810.9430356431326	7.527761818003311
6148000	-2802.3157651810134	5535.0	-2810.769942929769	8.454177748755722
6149000	-2804.278228701142	5535.0	-2812.3029148275173	8.02468612637528
6150000	-2802.820631322774	5536.0	-2811.7659598971504	8.94532857437676
6151000	-2801.773876998446	5537.0	-2809.7969160726484	8.023039074202215
6152000	-2803.9115252891092	5538.0	-2810.0980616126894	6.1865363235801425
6153000	-2801.464676122461	5539.0	-2808.944675778874	7.479999656413318
6154000	-2804.159359355707	5540.0	-2812.548339517263	8.3889801615559
6155000	-2802.015907578563	5541.0	-2810.6286413570106	8.61273377844756
6156000	-2801.0670193025576	5542.0	-2808.858559517896	7.791540215338716
6157000	-2804.581201578109	5543.0	-2811.476601156427	6.895399578317955
6158000	-2801.2504926138085	5544.0	-2809.3820881122056	8.131595498396804
6159000	-2804.8955453291765	5544.0	-2813.1371108456774	8.241565516500897
6160000	-2802.775614367982	5545.0	-2809.552246621546	6.776632253564182
6161000	-2801.588122411462	5546.0	-2810.1821385761696	8.594016164707504
6162000	-2809.264198691332	5547.0	-2816.071987331596	6.807788640264384
6163000	-2802.11803439769	5548.0	-2810.1476208844524	8.02958648676259
6164000	-2802.464889513319	5549.0	-2810.5878010541023	8.122911540783065
6165000	-2801.0974403750643	5550.0	-2809.208687653882	8.111247278817915
6166000	-2800.6821518438564	5551.0	-2809.064282858013	8.38213101415679
6167000	-2803.955981419744	5552.0	-2811.7509134965203	7.794932076776163
6168000	-2801.0472839606678	5553.0	-2809.0518497173334	8.004565756665567
6169000	-2802.668567882729	5553.0	-2811.12458723116	8.45601934843119
6170000	-2805.123877216647	5554.0	-2812.0220629622618	6.898185745614745
6171000	-2803.5324502142316	5555.0	-2811.9753033510397	8.442853136808143
6172000	-2803.772463456624	5556.0	-2809.5783298627775	5.8058664061535
6173000	-2800.9106436227976	5557.0	-2809.3828573790497	8.47221375625223
6174000	-2802.040849009337	5558.0	-2810.150068917893	8.10921990855613
6175000	-2803.5802931294884	5559.0	-2810.963203029041	7.382909899552494
6176000	-2802.006449039744	5560.0	-2810.8756394579063	8.869190418162372
6177000	-2802.070093864151	5561.0	-2810.2169981066177	8.146904242466478
6178000	-2805.22918924448	5562.0	-2813.680038123648	8.45084887916806
6179000	-2802.496410836355	5562.0	-2809.8013362439942	7.304925407639088
6180000	-2803.9866813235653	5563.0	-2812.137539707968	8.150858384402621
6181000	-2803.033985755682	5564.0	-2811.1688006586405	8.134814902958647
6182000	-2800.888633867706	5565.0	-2808.9192489720426	8.030615104336354
6183000	-2802.6682622518074	5566.0	-2809.5884304773454	6.920168225537848
6184000	-2800.1751356627933	5567.0	-2808.5131232204594	8.337987557666228
6185000	-2805.1378370360603	5568.0	-2810.638386613711	5.500549577650835
6186000	-2801.88502735942	5569.0	-2809.5288542763647	7.643826916944944
6187000	-2804.542346078291	5570.0	-2812.234973120597	7.692627042305944
6188000	-2803.7171333327524	5571.0	-2812.197415369003	8.480282036250582
6189000	-2809.663504894082	5571.0	-2812.0181160032257	2.3546111091437587
6190000	-2803.235950885348	5572.0	-2810.561537174026	7.325586288677924
6191000	-2801.0564798272144	5573.0	-2809.7908106266905	8.734330799476048
6192000	-2800.4055397663487	5574.0	-2808.9146969283875	8.509157162038733
6193000	-2803.546349590204	5575.0	-2811.7429408534135	8.196591263209278
6194000	-2807.928734580968	5576.0	-2816.5704842638684	8.641749682900453
6195000	-2802.137769318769	5577.0	-2809.768728180868	7.630958862099069
6196000	-2805.0307427200783	5578.0	-2811.94397550856	6.913232788481731
6197000	-2803.1754054209923	5579.0	-2810.377174037133	7.2017686161406775
6198000	-2801.4746876386234	5580.0	-2809.863595970521	8.388908331897685
6199000	-2803.2405598774512	5580.0	-2811.3711879771263	8.130628099675134
6200000	-2807.442998317759	5581.0	-2815.293710916178	7.850712598419361
6201000	-2800.9460714188294	5582.0	-2808.8886650799573	7.942593661127685
6202000	-2802.9588508168904	5583.0	-2810.8802912601673	7.921440443276733
6203000	-2804.8926174237063	5584.0	-2811.030782670749	6.138165247042723
6204000	-2801.6369828279985	5585.0	-2810.3259786651683	8.68899583716992
6205000	-2800.1244464220754	5586.0	-2808.395859175738	8.271412753662768
6206000	-2800.7181121779754	5587.0	-2808.908586154452	8.19047397647704
6207000	-2802.5421055188262	5588.0	-2810.976033519445	8.433928000618732
6208000	-2801.375010649181	5589.0	-2808.74930657314	7.374295923958944
6209000	-2801.7714527351095	5589.0	-2809.928047971449	8.15659523633922
6210000	-2800.7393782318914	5590.0	-2808.819405335406	8.080027103514421
6211000	-2802.7063765105413	5591.0	-2810.9749030215494	8.268526511008268
6212000	-2801.2441733676374	5592.0	-2809.4186188851822	8.174445517544891
6213000	-2802.8149032626075	5593.0	-2810.297089375712	7.482186113104461
6214000	-2803.093699656392	5594.0	-2810.825094385069	7.731394728677186
6215000	-2802.2594941126004	5595.0	-2810.3285726235636	8.06907851096303
6216000	-2809.3367659592395	5596.0	-2816.9535521974844	7.616786238244856
6217000	-2810.2023350174336	5597.0	-2813.781100213257	3.5787651958237223
6218000	-2802.811622790755	5598.0	-2810.413341273945	7.601718483190451
6219000	-2803.8266982976447	5598.0	-2811.288831976137	7.462133678492272
6220000	-2802.1314970441263	5599.0	-2809.270168151204	7.138671107077674
6221000	-2804.634609396296	5600.0	-2810.927398473871	6.292789077574927
6222000	-2804.280077847981	5601.0	-2809.988065696119	5.7079878481383295
6223000	-2802.730363813094	5602.0	-2811.0253337196	8.294969906505957
6224000	-2802.895148283805	5603.0	-2810.9050904098563	8.009942126051191
6225000	-2803.915235672884	5604.0	-2812.593534455237	8.678298782353178
6226000	-2806.463799211671	5605.0	-2815.0957862464415	8.631987034770782
6227000	-2801.0539267721133	5606.0	-2809.767206295169	8.713279523056036
6228000	-2802.8797425579924	5607.0	-2809.191034550753	6.311291992760863
6229000	-2803.9086130489836	5607.0	-2811.123352248486	7.214739199502258
6230000	-2801.7511172866493	5608.0	-2810.392584766357	8.641467479707241
6231000	-2807.303048395736	5609.0	-2815.6153429335973	8.312294537861153
6232000	-2802.6726680976694	5610.0	-2810.702234932359	8.029566834689511
6233000	-2802.5007616869298	5611.0	-2810.9061527718477	8.405391084917794
6234000	-2802.0168791017236	5612.0	-2810.4505162083733	8.433637106649567
6235000	-2803.7365512392053	5613.0	-2811.982516728138	8.245965488932553
6236000	-2803.120580655895	5614.0	-2810.062518371044	6.941937715148933
6237000	-2802.2577931154597	5615.0	-2809.1369540529085	6.87916093744887
6238000	-2803.41468839525	5616.0	-2812.0978897811774	8.683201385927674
6239000	-2802.3864602181006	5616.0	-2810.867350361522	8.480890143421334
6240000	-2803.181351790363	5617.0	-2811.922414708082	8.741062917719479
6241000	-2802.658132746108	5618.0	-2810.8336575984313	8.175524852322996
6242000	-2801.229938929856	5619.0	-2809.041423705601	7.811484775745245
6243000	-2801.9207823340744	5620.0	-2810.005195482105	8.084413148030933
6244000	-2804.1096145420242	5621.0	-2812.9684762191387	8.858861677114366
6245000	-2804.0770006679163	5622.0	-2811.7708057239556	7.6938050560392846
6246000	-2802.8920604667946	5623.0	-2810.932456858839	8.040396392044237
6247000	-2807.6314162093327	5624.0	-2814.951325819259	7.31990960992636
6248000	-2804.1879181664203	5625.0	-2812.2477793767107	8.059861210290347
6249000	-2806.7927948445954	5625.0	-2814.420741891246	7.627947046650881
6250000	-2803.4871727518234	5626.0	-2809.8712059423483	6.384033190525071
6251000	-2802.466578980385	5627.0	-2811.044573529007	8.57799454862183
6252000	-2800.8334094141	5628.0	-2808.970929024791	8.137519610690884
6253000	-2805.763458299943	5629.0	-2813.4723431668053	7.708884866862415
6254000	-2801.442513764855	5630.0	-2809.609837767586	8.16732400273119
6255000	-2802.29859826137	5631.0	-2810.3589300700223	8.060331808652185
6256000	-2801.332496147877	5632.0	-2808.8756090131405	7.543112865263469
6257000	-2801.447103428286	5633.0	-2809.5774703234333	8.130366895147453
6258000	-2800.9106368109224	5634.0	-2809.454098131038	8.543461320115341
6259000	-2803.202500092122	5634.0	-2810.857015534355	7.654515442232958
6260000	-2804.918543683828	5635.0	-2813.128010865041	8.209467181213036
6261000	-2803.091824130258	5636.0	-2811.2505858788227	8.158761748564809
6262000	-2801.440631122227	5637.0	-2810.299952109441	8.859320987214094
6263000	-2802.6848944524672	5638.0	-2810.8655174333367	8.180622980869368
6264000	-2802.4058648025425	5639.0	-2810.432010314208	8.026145511665554
6265000	-2800.444822067891	5640.0	-2808.6766860446246	8.23186397673341
6266000	-2801.9264803264255	5641.0	-2810.2992758748787	8.372795548453084
6267000	-2804.0269142593365	5642.0	-2812.7857868748247	8.758872615488011
6268000	-2803.5009184090263	5643.0	-2811.220164875087	7.719246466060575
6269000	-2800.8918114740586	5643.0	-2808.9136802689873	8.02186879492849
6270000	-2804.6787302707103	5644.0	-2813.175240683059	8.496510412348755
6271000	-2807.7879772721426	5645.0	-2816.299600061623	8.511622789480612
6272000	-2802.300236219829	5646.0	-2809.54634823712	7.246112017291106
6273000	-2802.8714769318226	5647.0	-2810.861217036238	7.989740104415497
6274000	-2805.1537022323196	5648.0	-2813.00781035823	7.8541081259105265
6275000	-2801.8296836296954	5649.0	-2809.7789793801126	7.949295750417132
6276000	-2803.220822380239	5650.0	-2810.8298831187208	7.609060738481876
6277000	-2802.832165727498	5651.0	-2810.9678402718414	8.135674544343669
6278000	-2806.3159882312107	5652.0	-2813.921437044251	7.605448813040232
6279000	-2802.8609683034406	5652.0	-2810.955784298617	8.094815995176432
6280000	-2801.2500800339308	5653.0	-2809.2763550639647	8.026275030033979
6281000	-2801.2773483108094	5654.0	-2809.638546271104	8.361197960294696
6282000	-2801.2856186899685	5655.0	-2808.894735738069	7.609117048100489
6283000	-2803.5961118343175	5656.0	-2811.79176739078	8.195655556462533
6284000	-2801.8295545258406	5657.0	-2809.9506087232658	8.121054197425257
6285000	-2802.167775906221	5658.0	-2809.638772712869	7.470996806647992
6286000	-2803.3933172608263	5659.0	-2811.6185937306072	8.225276469781038
6287000	-2802.1204652269735	5660.0	-2810.2654670945326	8.145001867559198
6288000	-2802.4244678102737	5661.0	-2810.6091151848527	8.184647374579093
6289000	-2802.706520267227	5661.0	-2809.402287203148	6.695766935920991
6290000	-2801.8399977171366	5662.0	-2809.8071289128775	7.96713119574078
6291000	-2801.477708685912	5663.0	-2809.8141898758176	8.336481189905571
6292000	-2809.0362612434374	5664.0	-2817.2208539817047	8.184592738267472
6293000	-2801.7256270970715	5665.0	-2809.795109739206	8.069482642134556
6294000	-2800.4644048701834	5666.0	-2808.4409122909724	7.976507420789142
6295000	-2801.3260100851808	5667.0	-2809.7533347339563	8.427324648775489
6296000	-2805.5230558699773	5668.0	-2811.8664183203746	6.343362450397517
6297000	-2801.9375378809664	5669.0	-2810.6465515196883	8.709013638721922
6298000	-2802.8706137921054	5670.0	-2811.0473093182645	8.176695526159307
6299000	-2802.5550474901393	5670.0	-2809.0900151785445	6.534967688405456
6300000	-2804.1472687236283	5671.0	-2811.6439545624144	7.4966858387860364
6301000	-2806.3013072605972	5672.0	-2814.9509085258323	8.649601265235106
6302000	-2803.6627354700813	5673.0	-2809.9680170283086	6.305281558227314
6303000	-2805.1555212874378	5674.0	-2813.0120647534545	7.85654346601681
6304000	-2806.2353588202277	5675.0	-2813.841123754418	7.6057649341900655
6305000	-2800.8971393384195	5676.0	-2809.0987694718956	8.201630133476009
6306000	-2804.0092257198653	5677.0	-2810.591490498372	6.5822647785068105
6307000	-2805.931264059318	5678.0	-2811.30477973051	5.373515671191862
6308000	-2804.489326428067	5679.0	-2812.212264813017	7.7229383849499715
6309000	-2802.3915228286346	5679.0	-2810.3637262714724	7.9722034428377295
6310000	-2807.177313808932	5680.0	-2815.7102997100296	8.532985901097758
6311000	-2803.543689878416	5681.0	-2809.8695864852566	6.3258966068404785
6312000	-2803.7770279350148	5682.0	-2811.659380857646	7.882352922631073
6313000	-2803.6441043989025	5683.0	-2811.6420182145243	7.997913815622033
6314000	-2804.2569668896267	5684.0	-2811.9125084303587	7.655541540731759
6315000	-2803.1157709268305	5685.0	-2810.8512443196732	7.73547339284274
6316000	-2803.2902949189506	5686.0	-2810.9566364690772	7.6663415501266385
6317000	-2801.412301744306	5687.0	-2809.6402516301587	8.227949885852485
6318000	-2801.9738238091927	5688.0	-2809.369670596876	7.395846787683224
6319000	-2800.577535796863	5688.0	-2809.0057230932375	8.428187296374656
6320000	-2800.6313088596917	5689.0	-2808.950626620395	8.319317760703196
6321000	-2801.9566699975726	5690.0	-2809.090900067935	7.134230070362482
6322000	-2803.6633906998586	5691.0	-2811.503507857803	7.840117157944231
6323000	-2802.4879678088446	5692.0	-2809.627447277662	7.139479468817648
6324000	-2803.14360552244	5693.0	-2811.173428409217	8.029822886777438
6325000	-2800.80751130067	5694.0	-2808.703732832908	7.89622153223787
6326000	-2802.0566820417234	5695.0	-2810.0112216632697	7.9545396215461235
6327000	-2802.9368465207663	5696.0	-2810.9303853648926	7.9935388441261725
6328000	-2802.2234775937804	5697.0	-2810.560179097648	8.336701503867658
6329000	-2802.865614985395	5697.0	-2809.552418481252	6.686803495856843
6330000	-2804.5500965102983	5698.0	-2813.1978016366975	8.647705126399243
6331000	-2802.938539060894	5699.0	-2811.1576421946224	8.219103133728513
6332000	-2806.0795769277893	5700.0	-2814.2992018777713	8.219624949982155
6333000	-2805.0671189624677	5701.0	-2812.6692529970633	7.602134034595436
6334000	-2801.2290443497654	5702.0	-2809.2934350567375	8.064390706972027
6335000	-2802.0831095707986	5703.0	-2809.7093292812965	7.62621971049799
6336000	-2801.158233283252	5704.0	-2809.5945854446627	8.436352161410827
6337000	-2802.3230761592567	5705.0	-2810.4625059645923	8.13942980533535
6338000	-2803.6398291220403	5706.0	-2810.726359626662	7.086530504621816
6339000	-2802.1550142546976	5706.0	-2810.310310258557	8.155296003859338
6340000	-2800.829234968968	5707.0	-2808.9746136228623	8.14537865389401
6341000	-2801.556989891738	5708.0	-2809.36566789158	7.808677999841909
6342000	-2804.8135654808307	5709.0	-2812.549720364259	7.736154883428227
6343000	-2801.8022908360017	5710.0	-2809.8040017640037	8.001710928001923
6344000	-2805.2090776753257	5711.0	-2813.0968018457083	7.887724170382773
6345000	-2800.5651375550938	5712.0	-2808.8542103485743	8.28907279348062
6346000	-2803.3688472309263	5713.0	-2811.4999348643823	8.131087633455898
6347000	-2800.4641949848938	5714.0	-2808.912879982039	8.448684997145461
6348000	-2802.3557198053104	5715.0	-2809.518582430268	7.162862624957397
6349000	-2802.374857816583	5715.0	-2810.571872637422	8.197014820839284
6350000	-2805.1087715387043	5716.0	-2811.0940320894215	5.98526055071738
6351000	-2801.23301325745	5717.0	-2809.582776882134	8.349763624684147
6352000	-2803.6047692198163	5718.0	-2812.5976788073776	8.99290958756134
6353000	-2800.40678660008	5719.0	-2808.749173453134	8.342386853053997
6354000	-2802.078447235744	5720.0	-2809.5144413513294	7.435994115585446
6355000	-2800.5308553373757	5721.0	-2808.565001861167	8.034146523791115
6356000	-2801.9334050698894	5722.0	-2810.4586093684366	8.525204298547113
6357000	-2801.263516378591	5723.0	-2809.878553388778	8.615037010187418
6358000	-2803.500805211412	5724.0	-2810.170922706344	6.670117494931494
6359000	-2803.9618245589472	5724.0	-2812.135713054862	8.17388849591495
6360000	-2805.0113940785845	5725.0	-2812.5393927718087	7.527998693224302
6361000	-2800.483503845301	5726.0	-2809.0922161916587	8.608712346357777
6362000	-2806.6195251814734	5727.0	-2814.89621565926	8.2766904777869
6363000	-2805.534223406058	5728.0	-2811.0314333937567	5.497209987698475
6364000	-2803.6931248800333	5729.0	-2812.292249745219	8.59912486518572
6365000	-2801.501132808926	5730.0	-2809.8240874330595	8.322954624133576
6366000	-2801.49429553972	5731.0	-2809.5472922327563	8.052996693036013
6367000	-2801.4741326186054	5732.0	-2809.7166209296242	8.242488311018837
6368000	-2802.330570880883	5733.0	-2810.8735183245803	8.54294744369723
6369000	-2802.589772484927	5733.0	-2810.537751222994	7.94797873806681
6370000	-2802.612771827193	5734.0	-2810.2942731257817	7.6815012985888345
6371000	-2803.128962021413	5735.0	-2810.3858445784736	7.256882557060525
6372000	-2802.460615531065	5736.0	-2810.9467597621287	8.486144231063976
6373000	-2800.862931469907	5737.0	-2809.518990389692	8.656058919785318
6374000	-2802.670684067263	5738.0	-2810.32741260623	7.656728538967021
6375000	-2804.359705692996	5739.0	-2812.7616879799034	8.40198228690721
6376000	-2800.6716130680293	5740.0	-2808.8254003683837	8.153787300354491
6377000	-2801.244284498352	5741.0	-2809.4741252963113	8.229840797959088
6378000	-2801.448636236923	5742.0	-2809.54401694259	8.095380705667264
6379000	-2801.718782331462	5742.0	-2810.2890232209784	8.570240889516183
6380000	-2801.258785872999	5743.0	-2808.9157086397886	7.656922766789742
6381000	-2805.2728611508933	5744.0	-2813.783964901416	8.51110375052248
6382000	-2804.1323148457845	5745.0	-2812.141954802087	8.009639956302513
6383000	-2802.6319337902014	5746.0	-2810.172457915098	7.540524124896666
6384000	-2801.379895106657	5747.0	-2809.543762631836	8.163867525179358
6385000	-2802.216382059013	5748.0	-2810.463232635733	8.246850576720057
6386000	-2803.4422711200855	5749.0	-2811.703926582529	8.261655462443606
6387000	-2802.2241211156597	5750.0	-2809.887854312061	7.663733196401185
6388000	-2803.2750837185904	5751.0	-2810.7346972761893	7.459613557598866
6389000	-2805.521073992127	5751.0	-2811.009585557698	5.4885115655704375
6390000	-2803.1156708896656	5752.0	-2810.9635142126685	7.8478433230028894
6391000	-2805.9494590148975	5753.0	-2812.821151933184	6.87169291828637
6392000	-2802.6000409845237	5754.0	-2810.7467862227113	8.146745238187545
6393000	-2800.6545431840123	5755.0	-2809.1319089515496	8.477365767537306
6394000	-2801.925913844815	5756.0	-2809.6127920035456	7.6868781587304165
6395000	-2805.2509553543755	5757.0	-2813.142532954122	7.89157759974664
6396000	-2807.460536422182	5758.0	-2810.973855767268	3.5133193450861606
6397000	-2803.777112726709	5759.0	-2812.455327848365	8.678215121655647
6398000	-2806.0427390841664	5760.0	-2813.9446654856506	7.90192640148428
6399000	-2802.4140256686087	5760.0	-2810.5998187026403	8.185793034031635
6400000	-2805.581827358742	5761.0	-2813.32870887657	7.746881517828026
6401000	-2801.3693137776377	5762.0	-2808.8973487028725	7.528034925234672
6402000	-2801.782242479374	5763.0	-2810.0212688422803	8.239026362906465
6403000	-2805.1906107775612	5764.0	-2812.6540094641873	7.46339868662608
6404000	-2803.613038968818	5765.0	-2812.1724130264834	8.559374057665607
6405000	-2800.943936905916	5766.0	-2809.19579272842	8.251855822504105
6406000	-2802.3817110912855	5767.0	-2810.920077550874	8.5383664595884
6407000	-2802.733416267008	5768.0	-2809.9625546373322	7.229138370324174
6408000	-2801.6119766755282	5769.0	-2810.034061928663	8.42208525313492
6409000	-2800.8119716063393	5769.0	-2809.2257902871734	8.413818680834144
6410000	-2800.717994144395	5770.0	-2808.586805144366	7.868810999970805
6411000	-2803.4541687946053	5771.0	-2810.631840866424	7.17767207181878
6412000	-2801.6344693714404	5772.0	-2809.551542402821	7.9170730313804984
6413000	-2800.3880677178818	5773.0	-2808.814443154312	8.426375436430316
6414000	-2803.0621753843816	5774.0	-2811.3757903927094	8.313615008327883
6415000	-2800.4489211764767	5775.0	-2808.759072121514	8.31015094503706
6416000	-2803.360647979607	5776.0	-2809.94183943162	6.581191452012721
6417000	-2805.004683644325	5777.0	-2813.0332608711346	8.02857722680962
6418000	-2804.4994467705314	5778.0	-2813.0297251944075	8.530278423875968
6419000	-2803.823124969909	5778.0	-2812.3031810695156	8.48005609960699
6420000	-2803.1169489342647	5779.0	-2810.957474649897	7.840525715632375
6421000	-2802.7551572405755	5780.0	-2810.3498234968447	7.594666256269201
6422000	-2804.534998532828	5781.0	-2812.0629323108164	7.5279337779885696
6423000	-2800.3572104940736	5782.0	-2808.6549280922145	8.297717598141022
6424000	-2802.6236967219083	5783.0	-2810.9469526326616	8.323255910753431
6425000	-2803.5647093361604	5784.0	-2811.795147750993	8.23043841483234
6426000	-2804.796547263423	5785.0	-2812.3879497412163	7.591402477793683
6427000	-2802.925105718557	5786.0	-2810.051082227232	7.125976508675177
6428000	-2806.33098781539	5787.0	-2810.030954162885	3.6999663474947138
6429000	-2804.1647642388803	5787.0	-2812.489011616861	8.324247377980416
6430000	-2801.0133587117475	5788.0	-2809.2551358490073	8.241777137259902
6431000	-2801.2748605693514	5789.0	-2809.672719528322	8.397858958970469
6432000	-2801.8410425278366	5790.0	-2810.2734315778985	8.432389050061616
6433000	-2805.6172900150423	5791.0	-2813.1944604281416	7.577170413099474
6434000	-2802.5451236667222	5792.0	-2809.8350404372463	7.28991677052397
6435000	-2803.8388049100054	5793.0	-2811.8867822747766	8.047977364771286
6436000	-2802.2241001296247	5794.0	-2811.084919155043	8.860819025418058
6437000	-2803.635155443383	5795.0	-2811.366205057696	7.731049614312523
6438000	-2804.6095237171717	5796.0	-2811.34146042437	6.731936707198107
6439000	-2805.082006031819	5796.0	-2812.7688570882747	7.686851056455511
6440000	-2803.4173777840742	5797.0	-2811.1163354514624	7.6989576673883935
6441000	-2803.4096125573196	5798.0	-2811.535860729833	8.126248172513593
6442000	-2801.9408338736325	5799.0	-2810.13544255618	8.194608682547365
6443000	-2800.7901212539678	5800.0	-2808.830135357425	8.040014103457649
6444000	-2803.7762100139075	5801.0	-2809.602851446774	5.826641432866223
6445000	-2802.5734335225966	5802.0	-2810.2723366431346	7.698903120538137
6446000	-2805.6746852010283	5803.0	-2813.8477483569422	8.173063155914084
6447000	-2800.913950910806	5804.0	-2809.0525683205387	8.138617409732898
6448000	-2802.3902621782718	5805.0	-2810.84558071037	8.455318532098328
6449000	-2801.594873700493	5805.0	-2810.3135292930806	8.718655592587671
6450000	-2805.16501708984	5806.0	-2813.728322265468	8.563305175627784
6451000	-2800.500030448968	5807.0	-2808.55790774173	8.057877292761901
6452000	-2802.630840103469	5808.0	-2810.860244862408	8.229404758939125
6453000	-2802.239521416577	5809.0	-2810.9817868331847	8.742265416607571
6454000	-2802.419831846091	5810.0	-2810.398981421092	7.979149575000929
6455000	-2800.924381568033	5811.0	-2808.916505400154	7.992123832121029
6456000	-2803.5318132730417	5812.0	-2811.4526684566263	7.920855183584674
6457000	-2804.6373547145413	5813.0	-2813.26210180109	8.624747086548886
6458000	-2803.0485920234833	5814.0	-2811.4151637124155	8.366571688932435
6459000	-2803.2081464972593	5814.0	-2811.114303589477	7.906157092217768
6460000	-2801.8562345325563	5815.0	-2810.1131509607003	8.256916428143896
6461000	-2803.0780808151135	5816.0	-2810.451588223648	7.373507408534225
6462000	-2804.9844983344087	5817.0	-2812.8750568089627	7.890558474554076
6463000	-2800.6849793369356	5818.0	-2809.214931942279	8.529952605343357
6464000	-2800.40039353984	5819.0	-2808.567149934184	8.16675639434401
6465000	-2801.166185190533	5820.0	-2809.425064842886	8.258879652353233
6466000	-2805.502939950706	5821.0	-2812.7944282012786	7.29148825057247
6467000	-2805.1317724272362	5822.0	-2812.754823133017	7.623050705780758
6468000	-2802.3529221465274	5823.0	-2810.210110215841	7.85718806931345
6469000	-2801.4021044067977	5823.0	-2810.0152298829557	8.613125476158013
6470000	-2804.8238504714805	5824.0	-2812.2868917645696	7.463041293088968
6471000	-2802.437160950294	5825.0	-2811.117364529147	8.680203578852751
6472000	-2804.5742120400905	5826.0	-2813.0781156338503	8.503903593759983
6473000	-2801.013207376996	5827.0	-2808.976633352716	7.963425975719867
6474000	-2803.7940425033453	5828.0	-2811.9985066947943	8.204464191449075
6475000	-2805.872786866529	5829.0	-2814.672003257942	8.79921639141292
6476000	-2805.1960097651286	5830.0	-2812.585362077408	7.3893523122790254
6477000	-2804.7409855848086	5831.0	-2811.4119099727477	6.670924387939275
6478000	-2807.4371653822986	5832.0	-2814.836825907789	7.399660525490253
6479000	-2801.196790879918	5832.0	-2809.0625161586736	7.865725278755482
6480000	-2801.0713855523904	5833.0	-2809.496892000165	8.425506447774595
6481000	-2801.486404471974	5834.0	-2809.308281478316	7.82187700634215
6482000	-2802.3243810189533	5835.0	-2810.256268300363	7.931887281409449
6483000	-2802.5316992414255	5836.0	-2810.6374057328508	8.105706491425277
6484000	-2802.927136278144	5837.0	-2811.3455210759757	8.41838479783169
6485000	-2801.6205142018143	5838.0	-2810.271399373156	8.650885171341582
6486000	-2808.061152347634	5839.0	-2815.3716002858164	7.3104479381824925
6487000	-2801.631444008027	5840.0	-2810.037183085024	8.405739076997275
6488000	-2801.7417250395597	5841.0	-2809.6925155776353	7.950790538075518
6489000	-2806.867480375196	5841.0	-2810.469771895695	3.6022915204989747
6490000	-2804.351696188336	5842.0	-2811.147448679947	6.795752491611155
6491000	-2804.4008894724398	5843.0	-2812.3632726775477	7.962383205108096
6492000	-2803.901623570827	5844.0	-2811.881253686422	7.979630115595185
6493000	-2800.398180319325	5845.0	-2808.6076242251215	8.209443905796455
6494000	-2807.6731057991506	5846.0	-2815.027779132187	7.354673333036372
6495000	-2801.8249476126052	5847.0	-2809.3467440557224	7.5217964431171245
6496000	-2802.645369793876	5848.0	-2811.353818387712	8.708448593836025
6497000	-2801.2277586684972	5849.0	-2809.351292971293	8.12353430279547
6498000	-2802.9759321999786	5850.0	-2810.677063558838	7.701131358859746
6499000	-2802.2351580170007	5850.0	-2810.3363720202665	8.101214003265788
6500000	-2801.330964226974	5851.0	-2808.8136457427136	7.482681515739325
6501000	-2805.2462306406974	5852.0	-2812.257691245789	7.011460605091626
6502000	-2801.4598489185437	5853.0	-2809.827857104231	8.368008185687138
6503000	-2801.929082945023	5854.0	-2810.157540000302	8.228457055279097
6504000	-2801.930615413667	5855.0	-2810.24521843503	8.314603021362934
6505000	-2801.2123130068385	5856.0	-2809.812165709053	8.599852702214331
6506000	-2801.0912776735536	5857.0	-2809.292880396445	8.201602722891302
6507000	-2804.0707052151697	5858.0	-2811.538029567785	7.467324352615333
6508000	-2802.624997365267	5859.0	-2810.97213688032	8.347139515052941
6509000	-2801.2901542461595	5859.0	-2809.24006246645	7.949908220290777
6510000	-2806.541444475656	5860.0	-2814.511425531581	7.969981055925029
6511000	-2808.141632711856	5861.0	-2814.470606891132	6.3289741792760505
6512000	-2800.9047464655314	5862.0	-2808.661794559728	7.75704809419654
6513000	-2809.3388803341113	5863.0	-2810.5351774581827	1.1962971240712257
6514000	-2803.643087512679	5864.0	-2812.065810399512	8.422722886833094
6515000	-2809.6549994178195	5865.0	-2816.251979773686	6.596980355866344
6516000	-2801.9693986594098	5866.0	-2810.7451077342253	8.775709074815428
6517000	-2802.3135209664424	5867.0	-2810.09973386364	7.78621289719737
6518000	-2800.9113192359787	5868.0	-2808.8249634566037	7.913644220624972
6519000	-2802.121650537086	5868.0	-2810.626795681265	8.505145144178622
6520000	-2801.129627427833	5869.0	-2809.3733043198554	8.24367689202238
6521000	-2810.276820813339	5870.0	-2818.1500010046325	7.873180191293567
6522000	-2802.8911425499086	5871.0	-2809.8878620441756	6.996719494266952
6523000	-2801.8175421347364	5872.0	-2809.146823924106	7.329281789369165
6524000	-2807.1151727521806	5873.0	-2814.927017866517	7.811845114336555
6525000	-2802.029550704343	5874.0	-2809.6831302275955	7.653579523252437
6526000	-2800.906861343949	5875.0	-2808.7723154811138	7.865454137164637
6527000	-2804.867589503458	5876.0	-2811.0130083609233	6.145418857465094
6528000	-2803.280983123047	5877.0	-2811.701921041905	8.420937918857767
6529000	-2803.4027128970847	5877.0	-2810.6091744305377	7.206461533453118
6530000	-2800.4953526169365	5878.0	-2809.0334480493866	8.538095432450136
6531000	-2806.7987202619515	5879.0	-2814.9586510863896	8.159930824438232
6532000	-2801.79250107085	5880.0	-2808.9728960034895	7.180394932639629
6533000	-2802.1934805440064	5881.0	-2810.7078171503895	8.514336606382823
6534000	-2800.9153912565307	5882.0	-2809.439156777479	8.523765520948592
6535000	-2806.0338839439896	5883.0	-2809.4068264188286	3.372942474838789
6536000	-2804.4409163886385	5884.0	-2811.713877619205	7.272961230566496
6537000	-2803.696084498624	5885.0	-2811.720109393238	8.02402489461419
6538000	-2802.2377922773985	5886.0	-2809.6371378590193	7.399345581620542
6539000	-2801.239807190503	5886.0	-2810.0031285302603	8.76332133975692
6540000	-2800.370517868203	5887.0	-2808.829411910235	8.458894042032203
6541000	-2805.2352482556967	5888.0	-2810.9480158926744	5.7127676369775635
6542000	-2804.7416562419717	5889.0	-2813.7397335110577	8.998077269085993
6543000	-2801.3751987406968	5890.0	-2809.5901803649	8.214981624202899
6544000	-2803.18007947009	5891.0	-2811.7997150687365	8.61963559864681
6545000	-2802.0472182185144	5892.0	-2809.021444760148	6.974226541633445
6546000	-2802.449750290176	5893.0	-2809.905685976611	7.455935686435007
6547000	-2801.5697480553004	5894.0	-2809.318675916922	7.748927861621582
6548000	-2803.671695780285	5895.0	-2809.9924713453256	6.32077556504049
6549000	-2801.201900846362	5895.0	-2809.6791873667794	8.477286520417206
6550000	-2801.7350401657272	5896.0	-2809.1722960462835	7.437255880556233
6551000	-2807.356269251637	5897.0	-2814.564166848004	7.207897596366985
6552000	-2805.222967725519	5898.0	-2810.748025893291	5.525058167771926
6553000	-2805.5686981049394	5899.0	-2812.7838134561835	7.215115351244134
6554000	-2802.7130620817766	5900.0	-2810.8655864564453	8.152524374668625
6555000	-2801.582842048671	5901.0	-2810.28079698506	8.69795493638899
6556000	-2806.7129809255443	5902.0	-2812.8921525272435	6.179171601699006
6557000	-2805.319887187026	5903.0	-2811.8095647989894	6.489677611963582
6558000	-2801.5019555302956	5904.0	-2809.7631787306254	8.261223200329987
6559000	-2802.581800243398	5904.0	-2810.704777992655	8.12297774925702
6560000	-2802.5652163772425	5905.0	-2810.27837970406	7.71316332681759
6561000	-2801.734499178043	5906.0	-2809.8901400121786	8.155640834135514
6562000	-2801.180627115328	5907.0	-2809.1155292111725	7.934902095844471
6563000	-2807.3626399807845	5908.0	-2815.6147038714357	8.252063890651247
6564000	-2808.2643678838695	5909.0	-2817.247105150332	8.982737266462635
6565000	-2802.068123483806	5910.0	-2810.567349009591	8.499225525785016
6566000	-2802.4916238411747	5911.0	-2809.692613890298	7.200990049123474
6567000	-2803.283552469857	5912.0	-2811.186554659395	7.903002189537837
6568000	-2803.1408656671783	5913.0	-2810.593219289848	7.452353622669836
6569000	-2801.234935317439	5913.0	-2809.3408534832893	8.105918165850241
6570000	-2804.133426377827	5914.0	-2810.546388056183	6.412961678355816
6571000	-2802.8971027405983	5915.0	-2810.0731757103704	7.176072969771983
6572000	-2803.083128711005	5916.0	-2810.5115002180214	7.428371507016323
6573000	-2803.2375303145	5917.0	-2809.846842159456	6.609311844956036
6574000	-2801.771291306209	5918.0	-2810.3724388423357	8.60114753612654
6575000	-2802.7660766811227	5919.0	-2810.2811618583974	7.515085177274673
6576000	-2806.515380156846	5920.0	-2813.949831928454	7.434451771608002
6577000	-2802.0185681131807	5921.0	-2809.2267960893773	7.208227976196856
6578000	-2804.1045262476337	5922.0	-2811.999406479247	7.894880231613626
6579000	-2809.5482566756195	5922.0	-2812.3345369488916	2.7862802732720358
6580000	-2802.85016005659	5923.0	-2810.1686544020176	7.318494345427565
6581000	-2804.882224266307	5924.0	-2813.549538981182	8.667314714875332
6582000	-2803.091720093495	5925.0	-2810.678069346687	7.586349253192292
6583000	-2801.7407678359673	5926.0	-2810.153934404502	8.413166568534301
6584000	-2801.098157409086	5927.0	-2809.58583856957	8.487681160484197
6585000	-2802.8185599734666	5928.0	-2810.7611344949864	7.9425745215197985
6586000	-2800.5064737099638	5929.0	-2808.484024670072	7.977550960108029
6587000	-2800.8541505607654	5930.0	-2809.45579546746	8.601644906694505
6588000	-2801.1482079073426	5931.0	-2809.020968269593	7.872760362250454
6589000	-2801.1553911215633	5931.0	-2809.5794884389534	8.424097317389867
6590000	-2805.7079451973436	5932.0	-2813.931589227595	8.223644030251283
6591000	-2801.1763547032915	5933.0	-2809.5952996474716	8.418944944179975
6592000	-2804.0297991417933	5934.0	-2812.0899560237017	8.06015688190859
6593000	-2801.6421916348954	5935.0	-2808.8242542656103	7.182062630714946
6594000	-2801.2276308395076	5936.0	-2808.7110479043877	7.483417064879941
6595000	-2803.072757269018	5937.0	-2811.2338831114107	8.16112584239251
6596000	-2802.6133933196174	5938.0	-2810.9129451275558	8.299551807938123
6597000	-2802.8662874043407	5939.0	-2811.0256982716214	8.159410867280815
6598000	-2802.8724309694026	5940.0	-2811.280569217875	8.408138248472468
6599000	-2801.77949286076	5940.0	-2809.71485539742	7.935362536659793
6600000	-2801.9105053105873	5941.0	-2810.50788236579	8.597377055202685
6601000	-2803.7748122486564	5942.0	-2812.1127737536603	8.33796150500374
6602000	-2802.1811966860373	5943.0	-2810.158981642385	7.97778495634749
6603000	-2803.0002032565085	5944.0	-2811.4802021051764	8.47999884866796
6604000	-2803.9265550250393	5945.0	-2808.8460609192057	4.919505894166249
6605000	-2800.2857519793843	5946.0	-2808.546330410995	8.26057843161052
6606000	-2800.887467118759	5947.0	-2809.374501001142	8.487033882383226
6607000	-2802.9949164522213	5948.0	-2811.226926678203	8.232010225981893
6608000	-2801.182409233731	5949.0	-2809.378709555794	8.196300322062982
6609000	-2804.8062041531985	5949.0	-2812.5542751894545	7.748071036256239
6610000	-2801.810328285153	5950.0	-2809.382710423723	7.572382138569962
6611000	-2803.020018865256	5951.0	-2811.0586538740167	8.038635008760501
6612000	-2803.3774239053746	5952.0	-2811.5252906883406	8.14786678296582
6613000	-2802.851166395115	5953.0	-2811.9269223101455	9.075755915030847
6614000	-2802.7907303015227	5954.0	-2810.651356861692	7.860626560169078
6615000	-2801.677763206614	5955.0	-2809.60718816631	7.929424959695942
6616000	-2800.701456471984	5956.0	-2808.704036187537	8.002579715553328
6617000	-2800.5403032909185	5957.0	-2808.9029342453327	8.362630954414431
6618000	-2802.31388270067	5958.0	-2810.565010694024	8.251127993353807
6619000	-2803.3193731946594	5958.0	-2811.312670064015	7.993296869355596
6620000	-2804.419056123338	5959.0	-2810.2164348588976	5.797378735559681
6621000	-2804.129511687324	5960.0	-2812.490422415069	8.360910727745264
6622000	-2802.5003785223803	5961.0	-2811.0727861363835	8.57240761400336
6623000	-2802.203388602438	5962.0	-2809.4293593274742	7.225970725036392
6624000	-2801.470290733495	5963.0	-2809.9914862352325	8.521195501737564
6625000	-2802.7221394541566	5964.0	-2810.697193161359	7.975053707202259
6626000	-2801.908678685768	5965.0	-2809.8585947335564	7.949916047788344
6627000	-2802.3546966607896	5966.0	-2810.8004663096885	8.445769648898715
6628000	-2801.6501991241453	5967.0	-2809.437322801851	7.787123677706075
6629000	-2804.7067745342906	5967.0	-2812.392299575387	7.685525041096325
6630000	-2801.8824376369234	5968.0	-2809.8754738949233	7.993036257999885
6631000	-2802.545038521014	5969.0	-2810.688136626454	8.143098105440005
6632000	-2804.4509630439497	5970.0	-2812.7617195659254	8.310756521975916
6633000	-2805.137954384323	5971.0	-2810.524334014662	5.386379630338805
6634000	-2800.96841776782	5972.0	-2809.3157834676344	8.347365699814226
6635000	-2802.8211514664836	5973.0	-2811.104480239481	8.283328772997486
6636000	-2800.853929014922	5974.0	-2809.182653367061	8.328724352139176
6637000	-2802.0045882723734	5975.0	-2810.4079539702743	8.40336569790069
6638000	-2802.6637511020285	5976.0	-2810.8514688804325	8.187717778403941
6639000	-2801.9628351425567	5976.0	-2810.2439821286316	8.28114698607496
6640000	-2804.0064344320667	5977.0	-2812.1234241906304	8.116989758563614
6641000	-2801.1516849112895	5978.0	-2809.5654366309905	8.413751719700892
6642000	-2803.825269548439	5979.0	-2811.9702742662284	8.145004717789604
6643000	-2801.3870444847103	5980.0	-2809.0516762468546	7.664631762144445
6644000	-2806.711084479567	5981.0	-2814.35581853746	7.6447340578930305
6645000	-2803.267427071254	5982.0	-2811.607586153816	8.340159082562156
6646000	-2801.605650596925	5983.0	-2809.9601598635327	8.354509266607732
6647000	-2801.184289940159	5984.0	-2809.351588133802	8.167298193643111
6648000	-2800.601011470162	5985.0	-2809.0199685190883	8.418957048926353
6649000	-2801.1904748557013	5985.0	-2809.499818733306	8.309343877604746
6650000	-2800.6699556544704	5986.0	-2808.6718701769005	8.00191452243025
6651000	-2803.7663262716496	5987.0	-2812.288052202707	8.521725931057638
6652000	-2802.291472444744	5988.0	-2810.49573129285	8.20425884810567
6653000	-2801.3766598259654	5989.0	-2809.679803915202	8.303144089236408
6654000	-2801.662206408606	5990.0	-2809.1649918485673	7.5027854399614515
6655000	-2803.7072971802318	5991.0	-2812.3923595277615	8.685062347529907
6656000	-2801.240941601191	5992.0	-2809.1345312596272	7.893589658436323
6657000	-2800.8568741654785	5993.0	-2808.8301698659557	7.973295700477089
6658000	-2806.9027594864187	5994.0	-2814.2845352955596	7.381775809140826
6659000	-2803.5569415233113	5994.0	-2812.1161734647612	8.559231941449923
6660000	-2801.4150718240408	5995.0	-2809.4091467530807	7.994074929040008
6661000	-2803.6489412076853	5996.0	-2810.0968526775837	6.447911469898486
6662000	-2802.624880573018	5997.0	-2810.6992038309218	8.07432325790396
6663000	-2802.5863876105536	5998.0	-2810.8080623664628	8.221674755909316
6664000	-2801.9662827737975	5999.0	-2809.396481933628	7.430199159830492
6665000	-2805.533427419701	6000.0	-2813.8241696442165	8.290742224515489
6666000	-2801.6501240192188	6001.0	-2809.1020403599277	7.451916340709132
6667000	-2803.4902454961934	6002.0	-2810.619799124881	7.1295536286873356
6668000	-2802.3135497369913	6003.0	-2809.870154181611	7.556604444619504
6669000	-2804.4559583168234	6003.0	-2812.9184489533163	8.462490636493136
6670000	-2802.6504663713577	6004.0	-2810.297108511936	7.646642140578336
6671000	-2803.6212939474594	6005.0	-2810.7651976690204	7.143903721561116
6672000	-2804.569563043257	6006.0	-2813.0376799958804	8.468116952623227
6673000	-2802.2053919485193	6007.0	-2810.5280974468374	8.322705498318198
6674000	-2806.14707583972	6008.0	-2813.624169830506	7.477093990786402
6675000	-2804.7814494950676	6009.0	-2812.8777691879363	8.096319692868814
6676000	-2800.374824363029	6010.0	-2808.739453837091	8.364629474062207
6677000	-2801.711672505852	6011.0	-2809.834044013206	8.122371507353614
6678000	-2804.6757783383514	6012.0	-2810.9821611288075	6.306382790456002
6679000	-2802.0780149861725	6012.0	-2810.071229773174	7.9932147870012935
6680000	-2804.084022784241	6013.0	-2811.727418059906	7.643395275665158
6681000	-2805.6521772571014	6014.0	-2813.0123181299805	7.360140872879179
6682000	-2804.4639910829455	6015.0	-2811.804837328402	7.340846245456349
6683000	-2800.1721814105263	6016.0	-2808.404339156137	8.232157745610731
6684000	-2802.1114595300032	6017.0	-2810.31592341017	8.204463880166738
6685000	-2801.736383631206	6018.0	-2809.052425260341	7.316041629134989
6686000	-2804.3864736633964	6019.0	-2812.3675169769676	7.9810433135711385
6687000	-2801.411167232105	6020.0	-2809.812124846058	8.400957613952986
6688000	-2805.291393026113	6021.0	-2813.2344410239575	7.943047997844386
6689000	-2801.251328094618	6021.0	-2808.9670761395846	7.715748044966538
6690000	-2802.6822672731873	6022.0	-2811.289064213814	8.606796940626536
6691000	-2801.735110395357	6023.0	-2810.592216059111	8.857105663753766
6692000	-2803.784345979136	6024.0	-2811.1647545596816	7.380408580545532
6693000	-2803.281640165723	6025.0	-2810.893999035844	7.612358870121019
6694000	-2801.493282069386	6026.0	-2809.43069152704	7.9374094576535335
6695000	-2805.124270458895	6027.0	-2812.8867288757037	7.762458416808737
6696000	-2801.118500353834	6028.0	-2809.195581827077	8.077081473243142
6697000	-2802.4274296788926	6029.0	-2810.2398083623284	7.812378683435675
6698000	-2808.44052083144	6030.0	-2813.4804085292244	5.039887697784257
6699000	-2802.291001104745	6030.0	-2810.530929353594	8.239928248848434
6700000	-2803.086058130832	6031.0	-2811.7466994188976	8.660641288065403
6701000	-2803.431554231169	6032.0	-2811.2004775781907	7.768923347021909
6702000	-2801.8769560903916	6033.0	-2810.030199228049	8.153243137657103
6703000	-2802.9485583181618	6034.0	-2809.7844595761585	6.835901257996587
6704000	-2802.3125452579093	6035.0	-2810.8672177841067	8.55467252619748
6705000	-2802.9156416085007	6036.0	-2811.136281847018	8.220640238517438
6706000	-2803.148674749433	6037.0	-2811.073443580848	7.924768831414934
6707000	-2805.6077155627263	6038.0	-2813.48362143488	7.87590587215396
6708000	-2801.1888160779545	6039.0	-2809.1592916762734	7.970475598318826
6709000	-2801.7886336700676	6039.0	-2810.1335224579534	8.344888787885617
6710000	-2805.7524412877583	6040.0	-2811.9801270710727	6.227685783314456
6711000	-2801.6906053097446	6041.0	-2809.7386711730524	8.048065863308
6712000	-2800.8829810195193	6042.0	-2809.2157125500858	8.332731530566468
6713000	-2800.458392035213	6043.0	-2808.6665839765956	8.208191941382855
6714000	-2801.5375892038564	6044.0	-2810.19764721277	8.660058008913271
6715000	-2803.6864481901935	6045.0	-2811.9303739512707	8.243925761077431
6716000	-2808.8385277394864	6046.0	-2815.7485869542415	6.910059214754948
6717000	-2801.1576407727607	6047.0	-2809.4219396967046	8.264298923943986
6718000	-2802.194970610119	6048.0	-2810.3146484663607	8.119677856241761
6719000	-2807.4310875258784	6048.0	-2814.216617705401	6.785530179522339
6720000	-2801.1367704717695	6049.0	-2809.259176594102	8.122406122332594
6721000	-2804.625898275932	6050.0	-2813.3748087834224	8.748910507490756
6722000	-2801.39727999594	6051.0	-2809.208519922185	7.811239926244939
6723000	-2800.3608427303852	6052.0	-2808.967518664199	8.606675933813753
6724000	-2805.47525118852	6053.0	-2813.0368120695834	7.561560881063363
6725000	-2801.710361857672	6054.0	-2810.1589011664837	8.448539308811451
6726000	-2800.894392575248	6055.0	-2809.4472541904333	8.552861615185613
6727000	-2801.126626138696	6056.0	-2809.1971314506013	8.070505311905325
6728000	-2803.448017257895	6057.0	-2810.496585965165	7.048568707270089
6729000	-2803.7251503875364	6057.0	-2811.651191310396	7.926040922859407
6730000	-2802.8821547671596	6058.0	-2810.3919033645825	7.509748597422984
6731000	-2800.8556303301075	6059.0	-2808.4384837237976	7.582853393690233
6732000	-2807.105083477692	6060.0	-2814.32600925124	7.220925773548006
6733000	-2804.8698724919404	6061.0	-2812.256073318477	7.386200826536396
6734000	-2806.169239848075	6062.0	-2813.3038639313368	7.134624083261546
6735000	-2802.134520599999	6063.0	-2810.21113913028	8.076618530280733
6736000	-2804.4440473192203	6064.0	-2812.315811165821	7.871763846600528
6737000	-2804.128075597821	6065.0	-2811.770607998628	7.642532400806757
6738000	-2804.616229685661	6066.0	-2813.0710131217293	8.454783436068187
6739000	-2803.788589996289	6066.0	-2811.514856161998	7.726266165709224
6740000	-2803.2803646462557	6067.0	-2810.767426804706	7.487062158449869
6741000	-2803.9071747767925	6068.0	-2810.965322778829	7.0581480020362575
6742000	-2801.28735134152	6069.0	-2810.029174944403	8.741823602882917
6743000	-2802.246652900238	6070.0	-2810.1666636436285	7.920010743390428
6744000	-2804.16996846834	6071.0	-2810.85473513325	6.684766664910218
6745000	-2805.7207563038646	6072.0	-2813.925381084193	8.204624780328391
6746000	-2802.333919325497	6073.0	-2809.9425175446745	7.608598219177501
6747000	-2801.5400506735473	6074.0	-2809.57764544723	8.037594773682972
6748000	-2802.565642883857	6075.0	-2810.4419284295695	7.876285545712735
6749000	-2806.2579478072535	6075.0	-2812.7800821588467	6.52213435159328
6750000	-2805.807412654624	6076.0	-2812.898314207359	7.090901552735087
6751000	-2802.8751210411765	6077.0	-2809.217855192112	6.342734150935463
6752000	-2808.3314218774262	6078.0	-2815.9427332759756	7.6113113985492795
6753000	-2803.7177196530038	6079.0	-2811.890851750083	8.173132097079465
6754000	-2802.8843686615537	6080.0	-2810.847659663844	7.963291002290148
6755000	-2806.711302442531	6081.0	-2815.037110575615	8.325808133083566
6756000	-2807.3486740066382	6082.0	-2815.244780572339	7.896106565700713
6757000	-2805.7394294339315	6083.0	-2813.028054225649	7.288624791717655
6758000	-2802.0196394580094	6084.0	-2809.756218070591	7.73657861258149
6759000	-2802.147171719615	6084.0	-2810.3838350042747	8.236663284659544
6760000	-2802.5676117967164	6085.0	-2810.0540598644443	7.4864480677278
6761000	-2801.6541003513194	6086.0	-2809.542810450772	7.888710099452625
6762000	-2801.0053674182063	6087.0	-2809.420126952089	8.414759533882563
6763000	-2803.5308320160334	6088.0	-2811.3694343719426	7.838602355909324
6764000	-2804.6842052964544	6089.0	-2812.167521083595	7.483315787140696
6765000	-2802.935139359778	6090.0	-2811.55575559206	8.620616232281888
6766000	-2801.7810750603057	6091.0	-2810.268215944596	8.487140884289857
6767000	-2800.237201483241	6092.0	-2808.6427269977776	8.405525514536725
6768000	-2802.968982698473	6093.0	-2810.243814921471	7.274832222997824
6769000	-2805.281288918855	6093.0	-2813.2234264668814	7.942137548026701
6770000	-2800.9125709898667	6094.0	-2809.2027524506802	8.290181460813669
6771000	-2802.696260413965	6095.0	-2810.343513348229	7.647252934264182
6772000	-2805.220452383839	6096.0	-2809.637564225828	4.417111841988877
6773000	-2801.11202005828	6097.0	-2808.7203543828564	7.608334324576438
6774000	-2801.744531845574	6098.0	-2810.3329452703038	8.588413424730064
6775000	-2803.3969514447977	6099.0	-2810.937459706622	7.540508261824604
6776000	-2801.6258556874104	6100.0	-2810.256446308796	8.630590621385839
6777000	-2801.646945839729	6101.0	-2809.6436102284115	7.996664388682325
6778000	-2805.0028511617056	6102.0	-2812.804736266101	7.801885104395517
6779000	-2802.785226023348	6102.0	-2810.7177265047862	7.932500481438339
6780000	-2804.1934710056557	6103.0	-2811.696769101327	7.503298095671266
6781000	-2802.5228114402803	6104.0	-2809.4021465109804	6.879335070700019
6782000	-2803.3725649554217	6105.0	-2811.4576647793547	8.085099823932886
6783000	-2804.672445438053	6106.0	-2812.7295068547214	8.057061416668798
6784000	-2801.4080534565514	6107.0	-2809.403010582062	7.994957125510476
6785000	-2803.8886864517895	6108.0	-2811.9796885390842	8.09100208729475
6786000	-2805.8812150868876	6109.0	-2813.5254942163274	7.6442791294396875
6787000	-2801.5022892315637	6110.0	-2809.7690882334723	8.266799001908641
6788000	-2801.079409487619	6111.0	-2809.455666796137	8.376257308517706
6789000	-2804.424776160345	6111.0	-2808.824528104582	4.3997519442367725
6790000	-2800.287040369261	6112.0	-2808.489325530215	8.202285160954164
6791000	-2800.8701217890207	6113.0	-2809.454513381012	8.58439159199117
6792000	-2804.3066906057766	6114.0	-2813.379529468724	9.072838862947297
6793000	-2800.379626376557	6115.0	-2808.775078345726	8.395451969168722
6794000	-2803.6738451713836	6116.0	-2811.4606985087144	7.786853337330628
6795000	-2801.70010216041	6117.0	-2809.669250086826	7.969147926416194
6796000	-2802.143799842875	6118.0	-2809.867836217071	7.7240363741959275
6797000	-2800.7664616306242	6119.0	-2809.2074202671547	8.440958636530553
6798000	-2804.0892925548064	6120.0	-2811.9835885108923	7.894295956085891
6799000	-2801.3007565787566	6120.0	-2809.6225270004843	8.32177042172752
6800000	-2803.691107328236	6121.0	-2811.2675765485023	7.576469220266465
6801000	-2801.5053884021763	6122.0	-2809.5836799316917	8.078291529515397
6802000	-2801.14732894195	6123.0	-2809.580911047433	8.433582105482808
6803000	-2801.3966530197126	6124.0	-2809.603311044019	8.206658024306254
6804000	-2802.699400120282	6125.0	-2810.9603242435014	8.260924123219532
6805000	-2801.8360563253677	6126.0	-2810.311613018851	8.475556693482998
6806000	-2807.1229543656214	6127.0	-2815.3148783148376	8.191923949216077
6807000	-2803.8251259567096	6128.0	-2811.83849891231	8.01337295560062
6808000	-2801.788652290061	6129.0	-2809.835225271031	8.046572980970222
6809000	-2805.7697031271828	6129.0	-2813.979413342899	8.20971021571637
6810000	-2802.3477475467585	6130.0	-2810.8740793930256	8.526331846267164
6811000	-2804.458316183987	6131.0	-2812.2772764212855	7.8189602372987395
6812000	-2801.196549680049	6132.0	-2809.2428512662586	8.046301586209811
6813000	-2804.679958315972	6133.0	-2813.1093634427702	8.429405126798581
6814000	-2806.2210174159445	6134.0	-2812.5013411889886	6.28032377304393
6815000	-2803.116031941155	6135.0	-2811.228202042964	8.112170101808628
6816000	-2803.581672279342	6136.0	-2810.080093579415	6.498421300073057
6817000	-2805.2446585925327	6137.0	-2813.6278809191804	8.383222326647768
6818000	-2802.511277122015	6138.0	-2810.2324382414317	7.721161119416406
6819000	-2800.8235870859266	6138.0	-2809.125666764712	8.302079678785372
6820000	-2802.2707231292325	6139.0	-2810.4070245846233	8.136301455390727
6821000	-2802.2737655660685	6140.0	-2810.3447680387844	8.071002472715964
6822000	-2802.7370968512046	6141.0	-2809.5379837420182	6.800886890813762
6823000	-2800.9164868075604	6142.0	-2808.8967201770015	7.980233369441196
6824000	-2802.142880361927	6143.0	-2810.462803806276	8.319923444349165
6825000	-2801.3309027701616	6144.0	-2809.4679064943552	8.137003724193637
6826000	-2801.1712439777198	6145.0	-2809.2251313943584	8.053887416638474
6827000	-2800.4979848751263	6146.0	-2808.6579444872236	8.15995961209714
6828000	-2801.599044744218	6147.0	-2809.6209130500515	8.021868305833314
6829000	-2802.9759145345806	6147.0	-2809.8547565139293	6.878841979348656
6830000	-2802.54136742286	6148.0	-2809.637293324938	7.095925902078404
6831000	-2801.323110818482	6149.0	-2809.5291526930746	8.206041874592831
6832000	-2803.828888057013	6150.0	-2811.48539900375	7.656510946736749
6833000	-2801.157795437376	6151.0	-2809.6785292223203	8.52073378494443
6834000	-2802.8517972192335	6152.0	-2811.118633264583	8.266836045349311
6835000	-2812.801163542288	6153.0	-2819.809933915493	7.008770373204919
6836000	-2803.8822970862366	6154.0	-2811.9243393804886	8.04204229425187
6837000	-2805.199822568546	6155.0	-2812.541829424203	7.3420068556567974
6838000	-2805.7965265777525	6156.0	-2814.099675331769	8.303148754016627
6839000	-2806.034035882851	6156.0	-2812.255289988925	6.221254106073859
6840000	-2802.3658089629957	6157.0	-2810.649790463808	8.283981500812601
6841000	-2802.955000070127	6158.0	-2811.2931649658917	8.338164895764603
6842000	-2803.37205330637	6159.0	-2811.8550049172723	8.482951610901917
6843000	-2803.298599513544	6160.0	-2812.077603440768	8.779003927224263
6844000	-2805.9277727191356	6161.0	-2813.240824251147	7.313051532011432
6845000	-2803.5337717346624	6162.0	-2811.2940197826447	7.76024804798217
6846000	-2800.636065522959	6163.0	-2809.196447079442	8.560381556482547
6847000	-2805.0209634357616	6164.0	-2811.6978771261092	6.6769136903475275
6848000	-2801.6366235962337	6165.0	-2810.043716635279	8.407093039045241
6849000	-2803.4370369916774	6165.0	-2810.179129712489	6.742092720811584
6850000	-2802.315875812507	6166.0	-2810.2647863313446	7.948910518837877
6851000	-2804.173130502874	6167.0	-2812.031144934896	7.858014432022037
6852000	-2806.1207389009005	6168.0	-2813.266543361965	7.145804461064557
6853000	-2802.89386445232	6169.0	-2810.1780866263357	7.284222174015612
6854000	-2801.517270849783	6170.0	-2809.626633872434	8.109363022651005
6855000	-2802.0234735815498	6171.0	-2810.006472398988	7.982998817438238
6856000	-2801.8866635968725	6172.0	-2809.9103494896963	8.023685892823618
6857000	-2803.0478027545514	6173.0	-2809.3116846234484	6.2638818688968625
6858000	-2802.218171274569	6174.0	-2809.9695440169844	7.751372742415441
6859000	-2806.0912552453838	6174.0	-2813.776338640781	7.685083395397241
6860000	-2801.5295454514962	6175.0	-2809.5455666628777	8.016021211381585
6861000	-2803.672916923137	6176.0	-2811.582853173922	7.9099362507849715
6862000	-2802.4743092652093	6177.0	-2810.424319118234	7.950009853024959
6863000	-2802.8624861557423	6178.0	-2811.4874704130452	8.624984257302703
6864000	-2802.4644178340686	6179.0	-2810.911190704921	8.44677287085238
6865000	-2806.9288751298873	6180.0	-2815.4636402970564	8.534765167169269
6866000	-2800.389465549612	6181.0	-2808.7376693692318	8.348203819620002
6867000	-2803.1756554373874	6182.0	-2809.6662055928578	6.490550155470407
6868000	-2804.560992430682	6183.0	-2813.2720023721113	8.711009941429543
6869000	-2802.1383076217767	6183.0	-2810.1108261738373	7.972518552060462
6870000	-2800.594118584897	6184.0	-2808.9391977991054	8.345079214208592
6871000	-2802.4112191424297	6185.0	-2810.123885695418	7.712666552988329
6872000	-2802.6807272668984	6186.0	-2810.3692707741566	7.688543507258051
6873000	-2802.8488544320767	6187.0	-2811.172802991565	8.323948559488185
6874000	-2802.8898919263506	6188.0	-2810.9425491451325	8.052657218781711
6875000	-2803.7137087916967	6189.0	-2811.677730809653	7.9640220179564585
6876000	-2802.944659062862	6190.0	-2811.0885614896715	8.143902426809849
6877000	-2803.2382905900754	6191.0	-2811.290377030996	8.052086440920489
6878000	-2801.084979229062	6192.0	-2809.3431205473944	8.258141318332557
6879000	-2803.167753461537	6192.0	-2811.000275494501	7.832522032963746
6880000	-2800.626233830407	6193.0	-2809.054393292113	8.42815946170653
6881000	-2802.728734599214	6194.0	-2810.8254151273054	8.096680528091234
6882000	-2808.46054003729	6195.0	-2816.5324598535976	8.071919816307688
6883000	-2800.7750272229746	6196.0	-2809.059021214173	8.283993991198038
6884000	-2801.1719418713706	6197.0	-2809.5876019345915	8.415660063220958
6885000	-2805.1163910509786	6198.0	-2812.832905416467	7.71651436548834
6886000	-2801.9177232067664	6199.0	-2810.1982236961794	8.280500489413239
6887000	-2801.2951909532335	6200.0	-2810.0396919619507	8.744501008717172
6888000	-2802.7107435560897	6201.0	-2810.724990345992	8.014246789902199
6889000	-2803.421243908639	6201.0	-2809.964685167689	6.543441259049939
6890000	-2801.130766272592	6202.0	-2809.4240288688734	8.293262596281108
6891000	-2802.939362135627	6203.0	-2811.073188378392	8.133826242765025
6892000	-2802.636148856763	6204.0	-2809.882216367372	7.246067510608838
6893000	-2802.6847228006854	6205.0	-2809.7346677886335	7.049944987947847
6894000	-2801.7345647790003	6206.0	-2809.271058620071	7.536493841070577
6895000	-2804.868327634617	6207.0	-2811.1400320029256	6.271704368308775
6896000	-2800.4925770449745	6208.0	-2809.007365201923	8.51478815694854
6897000	-2801.0239814158854	6209.0	-2809.266065752865	8.242084336979463
6898000	-2803.8714643443905	6210.0	-2809.7774673384997	5.906002994109251
6899000	-2807.119309176035	6210.0	-2813.77241356795	6.65310439191468
6900000	-2803.258896973304	6211.0	-2810.2456750837337	6.986778110429375
6901000	-2804.280640788048	6212.0	-2812.4685942532124	8.187953465164558
6902000	-2806.851992315933	6213.0	-2812.320324890646	5.468332574713191
6903000	-2802.992117873675	6214.0	-2810.6480011929457	7.655883319270823
6904000	-2805.619193570891	6215.0	-2812.227626591297	6.608433020405733
6905000	-2800.645036653841	6216.0	-2809.2327703015544	8.58773364771314
6906000	-2801.316339923329	6217.0	-2810.0270087656436	8.710668842314398
6907000	-2801.054379376289	6218.0	-2809.0199882025386	7.965608826249489
6908000	-2803.438650185988	6219.0	-2811.353661781484	7.915011595495705
6909000	-2800.4250680701707	6219.0	-2808.6436865852593	8.218618515088629
6910000	-2801.5624609280526	6220.0	-2809.6250754436546	8.062614515602135
6911000	-2801.6269139352917	6221.0	-2809.4364556027836	7.809541667492046
6912000	-2801.118421885168	6222.0	-2809.095474118325	7.977052233157086
6913000	-2802.674056058211	6223.0	-2810.8980296122463	8.223973554035343
6914000	-2803.5918599814945	6224.0	-2812.056858672353	8.464998690858632
6915000	-2804.9808081401966	6225.0	-2811.53479704127	6.553988901073396
6916000	-2803.9296172393088	6226.0	-2811.892159324717	7.962542085408133
6917000	-2806.4563433747776	6227.0	-2813.14083258537	6.684489210592183
6918000	-2801.198551248999	6228.0	-2809.544905545517	8.346354296517966
6919000	-2802.1547697854026	6228.0	-2810.3781614608615	8.22339167545882
6920000	-2801.5563644489266	6229.0	-2809.799841102437	8.243476653510152
6921000	-2803.0020397326416	6230.0	-2810.5578039286584	7.555764196016979
6922000	-2806.225176593548	6231.0	-2814.4342497313373	8.209073137789352
6923000	-2803.134873026804	6232.0	-2809.599310358911	6.464437332106988
6924000	-2810.5971767978535	6233.0	-2817.0454349957445	6.448258197891112
6925000	-2804.2157279294556	6234.0	-2811.741000459407	7.525272529951565
6926000	-2801.674798263992	6235.0	-2809.4042460358346	7.729447771842485
6927000	-2801.8069755307547	6236.0	-2809.849682355634	8.042706824878948
6928000	-2803.012633254982	6237.0	-2810.64144253671	7.628809281727927
6929000	-2801.1494354437455	6237.0	-2809.54680261561	8.397367171864435
6930000	-2806.2727475515685	6238.0	-2814.481468112429	8.208720560860375
6931000	-2802.6386755993567	6239.0	-2809.858304072135	7.2196284727785525
6932000	-2801.5499019546064	6240.0	-2809.441038117281	7.891136162674662
6933000	-2802.9350058522054	6241.0	-2810.3940105947286	7.459004742523301
6934000	-2801.2829154370725	6242.0	-2809.462931953215	8.180016516142398
6935000	-2800.9761753863418	6243.0	-2809.4962553714013	8.520079985059624
6936000	-2801.6246447367507	6244.0	-2810.016651702485	8.392006965734074
6937000	-2804.6164875187233	6245.0	-2812.2994865510627	7.682999032339246
6938000	-2801.592444042396	6246.0	-2809.7728975230316	8.180453480635514
6939000	-2802.375561666371	6246.0	-2810.382922582069	8.007360915698024
6940000	-2804.729285312287	6247.0	-2812.760787951437	8.03150263914982
6941000	-2805.4317759508936	6248.0	-2812.3753888101573	6.943612859263648
6942000	-2808.9533602138586	6249.0	-2814.263383871857	5.310023657998312
6943000	-2800.970692515777	6250.0	-2809.135758975497	8.165066459720002
6944000	-2803.9352685392614	6251.0	-2812.5195502417027	8.584281702441299
6945000	-2804.038265043851	6252.0	-2811.277488340222	7.239223296371142
6946000	-2800.398070253385	6253.0	-2808.9327527218975	8.534682468512496
6947000	-2800.730189420905	6254.0	-2808.9439770303115	8.213787609406733
6948000	-2802.964627163868	6255.0	-2810.897184584989	7.9325574211211
6949000	-2802.5886272456496	6255.0	-2810.2969710044295	7.708343758779954
6950000	-2801.194805511904	6256.0	-2809.3851199278847	8.190314415980458
6951000	-2805.4431418051963	6257.0	-2812.9082091939185	7.46506738872231
6952000	-2805.237245176867	6258.0	-2813.2050788476326	7.967833670765486
6953000	-2802.4722846670475	6259.0	-2810.195808609204	7.723523942156491
6954000	-2801.8395948369107	6260.0	-2809.437004268478	7.597409431567444
6955000	-2802.0851996579518	6261.0	-2810.0860752381045	8.000875580152853
6956000	-2802.515148167219	6262.0	-2810.1338767257184	7.618728558499097
6957000	-2806.946485788184	6263.0	-2815.170867057798	8.224381269614396
6958000	-2801.798163231774	6264.0	-2809.5000301223567	7.70186689058259
6959000	-2802.382492224247	6264.0	-2811.198992145305	8.816499921058144
6960000	-2804.1227315575657	6265.0	-2810.386534876201	6.263803318635494
6961000	-2802.4927734071807	6266.0	-2810.973814977355	8.48104157017401
6962000	-2804.528953921787	6267.0	-2812.754976059906	8.226022138118697
6963000	-2802.081576402304	6268.0	-2810.509093634467	8.427517232162792
6964000	-2800.708107619403	6269.0	-2808.5581263094714	7.850018690068374
6965000	-2801.7312208716376	6270.0	-2809.8664302493385	8.135209377700706
6966000	-2805.0296492050816	6271.0	-2813.381860954116	8.352211749034396
6967000	-2800.514045219302	6272.0	-2808.898254095313	8.38420887601098
6968000	-2801.5326506656365	6273.0	-2809.7160164936986	8.18336582806195
6969000	-2802.9008338767767	6273.0	-2811.775419305768	8.874585428991434
6970000	-2804.693134399415	6274.0	-2812.741100774098	8.04796637468301
6971000	-2802.2700005072484	6275.0	-2810.805147654593	8.535147147344736
6972000	-2805.1180261243157	6276.0	-2813.4836867246304	8.365660600314804
6973000	-2801.6629380205895	6277.0	-2810.233116373302	8.57017835271251
6974000	-2802.5159291901673	6278.0	-2811.358808124368	8.842878934200735
6975000	-2803.9757143755846	6279.0	-2811.8239162931864	7.848201917601828
6976000	-2803.8557509477105	6280.0	-2810.258366039754	6.402615092043568
6977000	-2801.1445031195212	6281.0	-2809.0585726930717	7.914069573550468
6978000	-2802.0033585571673	6282.0	-2810.498120101494	8.494761544326716
6979000	-2801.8288299983324	6282.0	-2810.225707416448	8.396877418115743
6980000	-2805.469649019092	6283.0	-2812.0791734212617	6.609524402169957
6981000	-2802.1777009237626	6284.0	-2810.0894119393074	7.911711015544932
6982000	-2805.224289107445	6285.0	-2813.8227750560527	8.598485948607664
6983000	-2802.6787130444545	6286.0	-2811.0387222739496	8.360009229495272
6984000	-2802.718289966952	6287.0	-2809.9635853325112	7.2452953655592225
6985000	-2800.4773648853106	6288.0	-2808.7867471283485	8.309382243037803
6986000	-2800.998961156951	6289.0	-2808.902939717992	7.903978561041358
6987000	-2803.6623755833893	6290.0	-2810.385021462838	6.722645879448537
6988000	-2801.1242188835686	6291.0	-2809.0257609300093	7.901542046440549
6989000	-2802.59409145623	6291.0	-2810.6100519033425	8.01596044711238
6990000	-2803.311806946337	6292.0	-2811.2593086735405	7.947501727203413
6991000	-2800.880654683845	6293.0	-2809.5992058771617	8.718551193316657
6992000	-2803.6209011930705	6294.0	-2811.3669909416644	7.746089748593822
6993000	-2804.272826674331	6295.0	-2810.5414110323372	6.268584358005986
6994000	-2801.6565879170225	6296.0	-2808.9083725270543	7.251784610031939
6995000	-2803.48551157498	6297.0	-2811.642651741821	8.157140166840705
6996000	-2802.1420665966534	6298.0	-2810.424880255729	8.282813659075455
6997000	-2801.1334763659493	6299.0	-2809.6959130202713	8.562436654322134
6998000	-2805.3890839967294	6300.0	-2812.2118409164395	6.822756919710291
6999000	-2805.3496541341424	6300.0	-2812.0235010563	6.673846922157514
7000000	-2801.5586287231213	6301.0	-2810.0242252373896	8.465596514268224
7001000	-2801.250409020065	6302.0	-2809.7550473603633	8.504638340298246
7002000	-2802.9099070231878	6303.0	-2810.91496803825	8.005061015062385
7003000	-2801.326503178206	6304.0	-2810.0501771088925	8.723673930686545
7004000	-2804.218454681359	6305.0	-2811.9170077938975	7.698553112538137
7005000	-2804.7424255160545	6306.0	-2811.4581951522127	6.715769636158327
7006000	-2803.150349258586	6307.0	-2810.0880527726968	6.937703514110605
7007000	-2804.165125854082	6308.0	-2811.9044193561135	7.739293502031636
7008000	-2801.4062755576115	6309.0	-2809.559959771962	8.153684214350532
7009000	-2805.1990117391724	6309.0	-2813.485182257811	8.286170518638563
7010000	-2801.1430641543916	6310.0	-2809.3962656580643	8.253201503672862
7011000	-2801.772271686909	6311.0	-2809.472085777846	7.699814090937086
7012000	-2802.789299860539	6312.0	-2811.362296950968	8.572997090428945
7013000	-2805.9024193985806	6313.0	-2814.127857591081	8.225438192500576
7014000	-2801.20255047324	6314.0	-2809.1734470090496	7.970896535809461
7015000	-2801.201450899302	6315.0	-2809.158753677118	7.957302777815934
7016000	-2800.757554117102	6316.0	-2809.418508845401	8.66095472829942
7017000	-2800.8823277735555	6317.0	-2809.313153106172	8.430825332616731
7018000	-2801.241088993578	6318.0	-2809.9498058172376	8.70871682365939
7019000	-2805.331334130903	6318.0	-2813.242368398631	7.911034267727626
7020000	-2802.980978202211	6319.0	-2810.675313320188	7.6943351179765225
7021000	-2804.2460399479837	6320.0	-2810.621418283226	6.375378335242134
7022000	-2805.1609832073786	6321.0	-2811.950578230397	6.789595023018325
7023000	-2803.964318761581	6322.0	-2811.7705237937107	7.80620503212954
7024000	-2804.688255447879	6323.0	-2813.014326569212	8.326071121332998
7025000	-2803.5047789996524	6324.0	-2811.3286905834675	7.823911583815095
7026000	-2804.100154400673	6325.0	-2809.7669823055844	5.666827904911155
7027000	-2802.5775868122196	6326.0	-2810.5453131508266	7.967726338607172
7028000	-2801.914954081982	6327.0	-2810.464873283793	8.549919201810855
7029000	-2802.1018835939144	6327.0	-2809.9638302538333	7.861946659918956
7030000	-2802.662040709597	6328.0	-2809.836251360366	7.174210650768857
7031000	-2802.054324175147	6329.0	-2810.4389513284477	8.3846271533006
7032000	-2805.5164248804085	6330.0	-2811.628212046964	6.111787166555401
7033000	-2800.849833952451	6331.0	-2809.468369930688	8.618535978237023
7034000	-2803.1056715996156	6332.0	-2810.154153129478	7.048481529862556
7035000	-2802.1630529225854	6333.0	-2810.7880941188605	8.625041196274928
7036000	-2801.3572766855223	6334.0	-2809.9174797895635	8.56020310404141
7037000	-2803.719734035243	6335.0	-2811.9111226276873	8.191388592444223
7038000	-2802.030549588446	6336.0	-2810.22190131379	8.19135172534412
7039000	-2800.858473677405	6336.0	-2809.4346482356805	8.576174558275177
7040000	-2801.1996357696	6337.0	-2809.0756232701083	7.875987500508374
7041000	-2802.529329760807	6338.0	-2810.6371510298136	8.107821269006736
7042000	-2801.519254018932	6339.0	-2809.4844601148525	7.9652060959205135
7043000	-2802.650035676816	6340.0	-2810.877030511547	8.226994834731382
7044000	-2803.7772145484637	6341.0	-2811.826612634894	8.049398086430148
7045000	-2801.836710631944	6342.0	-2810.3735697312795	8.536859099335565
7046000	-2804.3515408685375	6343.0	-2812.6873387134215	8.335797844883817
7047000	-2800.547428859122	6344.0	-2808.732970796965	8.185541937842965
7048000	-2802.9761151883495	6345.0	-2809.218190346884	6.242075158534432
7049000	-2800.7854265625438	6345.0	-2809.274928104629	8.489501542085176
7050000	-2800.4754974144766	6346.0	-2808.824676581537	8.349179167060155
7051000	-2804.5175887501005	6347.0	-2812.9581097036985	8.440520953597899
7052000	-2802.4969658918185	6348.0	-2810.0757381400213	7.578772248202776
7053000	-2801.6681873006287	6349.0	-2810.375005068732	8.70681776810343
7054000	-2802.984554738248	6350.0	-2811.3494371797146	8.364882441466666
7055000	-2803.428450168398	6351.0	-2812.241291386384	8.812841217986366
7056000	-2803.540014630598	6352.0	-2811.2225270970557	7.682512466457734
7057000	-2802.8208566111543	6353.0	-2811.169121672345	8.348265061190805
7058000	-2800.8593359505694	6354.0	-2809.3687179771814	8.509382026611927
7059000	-2805.335632643057	6354.0	-2812.9556999070082	7.620067263951087
7060000	-2800.6500084862805	6355.0	-2809.247724496423	8.597716010142385
7061000	-2804.159085252025	6356.0	-2811.8926515853186	7.733566333293555
7062000	-2801.887087370867	6357.0	-2810.3712442439682	8.484156873101337
7063000	-2803.1478310097236	6358.0	-2810.221492921293	7.0736619115690145
7064000	-2804.2783071099993	6359.0	-2811.5585787352893	7.280271625289809
7065000	-2801.9281047568415	6360.0	-2809.7837961143614	7.855691357519734
7066000	-2802.6306205580263	6361.0	-2809.9451604362125	7.314539878186299
7067000	-2801.7839374777923	6362.0	-2810.275280039303	8.491342561511035
7068000	-2800.844355168021	6363.0	-2809.179704226254	8.335349058233021
7069000	-2806.6487831282097	6363.0	-2812.6280266123067	5.979243484096875
7070000	-2803.706163252855	6364.0	-2812.579830386779	8.873667133924496
7071000	-2804.291459450693	6365.0	-2810.0191341249993	5.7276746743063445
7072000	-2802.3662217717924	6366.0	-2811.1094316982008	8.743209926408362
7073000	-2801.412510018278	6367.0	-2809.104210779241	7.6917007609629025
7074000	-2805.3568222185645	6368.0	-2812.9059544968823	7.549132278317881
7075000	-2803.316400049434	6369.0	-2811.3390668623492	8.022666812915292
7076000	-2805.035684665965	6370.0	-2811.9501335866094	6.9144489206442925
7077000	-2803.004897924141	6371.0	-2810.8237779522733	7.818880028132318
7078000	-2801.702024350772	6372.0	-2808.9553307883702	7.2533064375983285
7079000	-2801.3248863141866	6372.0	-2808.8961150275295	7.571228713342716
7080000	-2801.9726969693925	6373.0	-2810.3767582117302	8.404061242337605
7081000	-2800.6574849536005	6374.0	-2809.1761426338344	8.518657680233696
7082000	-2805.714730455691	6375.0	-2812.530828804958	6.816098349267205
7083000	-2802.735533543244	6376.0	-2810.548978654258	7.81344511101411
7084000	-2803.791137601532	6377.0	-2812.196288895647	8.405151294115067
7085000	-2801.684485783931	6378.0	-2809.8526972904197	8.168211506488792
7086000	-2800.7056759268357	6379.0	-2809.0241424656288	8.318466538793214
7087000	-2804.570909098023	6380.0	-2812.916142325721	8.345233227697701
7088000	-2801.976264880337	6381.0	-2810.62793058393	8.651665703592858
7089000	-2801.9977617002974	6381.0	-2810.051422789987	8.053661089689516
7090000	-2802.4947065304277	6382.0	-2809.7072646637475	7.212558133319796
7091000	-2802.5560757269955	6383.0	-2810.649807757427	8.093732030431603
7092000	-2802.193028278793	6384.0	-2810.815635901553	8.622607622759986
7093000	-2802.1589895490797	6385.0	-2810.1368504340826	7.977860885002667
7094000	-2800.693115867347	6386.0	-2808.7057149821594	8.012599114812685
7095000	-2801.4442962400844	6387.0	-2809.6024252517486	8.158129011664116
7096000	-2802.4777507615913	6388.0	-2810.1829837136215	7.705232952030183
7097000	-2801.164980179294	6389.0	-2809.2687706913794	8.10379051208542
7098000	-2802.0264250798646	6390.0	-2809.8593394347126	7.832914354848111
7099000	-2803.4836846414773	6390.0	-2811.7143722267497	8.230687585272218
7100000	-2801.559374410582	6391.0	-2809.66432171064	8.104947300057471
7101000	-2808.252385962325	6392.0	-2815.6208062165488	7.368420254223677
7102000	-2801.056464499994	6393.0	-2808.9761147971585	7.919650297164254
7103000	-2802.75946829082	6394.0	-2810.819641112293	8.060172821472886
7104000	-2803.398700753315	6395.0	-2809.3414899604854	5.942789207170311
7105000	-2802.9804084659877	6396.0	-2810.9972450710698	8.016836605081883
7106000	-2801.0597554792666	6397.0	-2809.3199395406673	8.260184061400569
7107000	-2804.072030625783	6398.0	-2810.069309191341	5.997278565557586
7108000	-2801.8131919960692	6399.0	-2810.073173623905	8.259981627835876
7109000	-2801.4592397044858	6399.0	-2810.28452513038	8.825285425894425
7110000	-2801.8233614399605	6400.0	-2810.0376536508606	8.21429221090014
7111000	-2801.6478157127917	6401.0	-2810.34322278629	8.695407073498146
7112000	-2807.5361624167963	6402.0	-2815.402292860128	7.866130443331831
7113000	-2803.1701016766633	6403.0	-2811.29112216088	8.121020484216945
7114000	-2802.1853265362392	6404.0	-2810.314832677175	8.129506140935906
7115000	-2801.280266205788	6405.0	-2808.788649542583	7.508383336794691
7116000	-2804.8562235264853	6406.0	-2810.728038234171	5.871814707685466
7117000	-2801.801794022216	6407.0	-2809.2482025181657	7.44640849594964
7118000	-2804.0324432510834	6408.0	-2811.591587222764	7.55914397168042
7119000	-2803.956310405703	6408.0	-2811.54098276865	7.584672362947117
7120000	-2802.21923912042	6409.0	-2809.0242175236053	6.8049784031856735
7121000	-2803.538811760883	6410.0	-2810.955674466279	7.416862705395745
7122000	-2806.1911149877037	6411.0	-2813.9273799211783	7.736264933474767
7123000	-2800.928719974243	6412.0	-2809.3926102433825	8.463890269139306
7124000	-2802.1576824238764	6413.0	-2810.1547591119506	7.997076688074383
7125000	-2802.0738432719345	6414.0	-2809.876132492167	7.802289220232378
7126000	-2801.1650880870166	6415.0	-2808.900051748324	7.734963661307563
7127000	-2803.8196821230285	6416.0	-2811.6253283861997	7.805646263171257
7128000	-2802.7687268888913	6417.0	-2811.020238854678	8.251511965786904
7129000	-2802.21726399626	6417.0	-2810.4467736006927	8.229509604432582
7130000	-2802.4787481646745	6418.0	-2809.7755404145573	7.296792249883042
7131000	-2801.00590276029	6419.0	-2809.4385282478347	8.432625487544572
7132000	-2801.4601850837	6420.0	-2810.197116833168	8.736931749468159
7133000	-2805.6289907963687	6421.0	-2814.034718240182	8.405727443813376
7134000	-2811.4362338270907	6422.0	-2820.419544582836	8.983310755744961
7135000	-2803.6482404292196	6423.0	-2811.678758368068	8.030517938848334
7136000	-2806.9965152117898	6424.0	-2815.656783768076	8.660268556286294
7137000	-2800.4454866026167	6425.0	-2809.007593604609	8.562107001992306
7138000	-2805.683207287566	6426.0	-2812.9835120033426	7.3003047157768135
7139000	-2802.185915698034	6426.0	-2810.0351391316854	7.849223433651514
7140000	-2803.743408539894	6427.0	-2811.9350904517196	8.191681911825452
7141000	-2803.6184300079767	6428.0	-2811.0305747403563	7.412144732379444
7142000	-2802.2126875147965	6429.0	-2810.003984910457	7.79129739566048
7143000	-2804.6713282450423	6430.0	-2812.4700163815523	7.798688136509886
7144000	-2802.95052273387	6431.0	-2811.0488708374655	8.098348103595615
7145000	-2804.66848714751	6432.0	-2812.8120504353346	8.143563287824847
7146000	-2801.0807281127245	6433.0	-2809.0958692640716	8.015141151347258
7147000	-2805.4523585758775	6434.0	-2813.311976113163	7.8596175372852795
7148000	-2802.0483397881076	6435.0	-2810.5899542643165	8.54161447620903
7149000	-2800.6518281793637	6435.0	-2808.6537824226334	8.001954243269461
7150000	-2806.123802515341	6436.0	-2814.3363609920943	8.212558476753244
7151000	-2803.646169577686	6437.0	-2810.0340779892485	6.387908411562469
7152000	-2805.055710019843	6438.0	-2813.5389558892516	8.483245869408428
7153000	-2802.82113040082	6439.0	-2810.585675498658	7.764545097837992
7154000	-2802.637054124062	6440.0	-2810.678655415807	8.041601291745007
7155000	-2802.3907348737116	6441.0	-2810.4125962323506	8.02186135863887
7156000	-2802.6924352386586	6442.0	-2810.700015172906	8.00757993424764
7157000	-2802.285321240822	6443.0	-2810.2774291233854	7.9921078825632055
7158000	-2802.4765335180728	6444.0	-2810.2712723366003	7.794738818527532
7159000	-2802.370644091709	6444.0	-2809.9264366438188	7.555792552109676
7160000	-2801.8138924687746	6445.0	-2810.425240229715	8.611347760940628
7161000	-2800.592933071108	6446.0	-2808.8204921489087	8.227559077800976
7162000	-2805.575256483929	6447.0	-2813.435697597977	7.860441114048236
7163000	-2801.848363730235	6448.0	-2809.507699636003	7.6593359057676755
7164000	-2805.002192726709	6449.0	-2813.7563038999338	8.754111173224775
7165000	-2806.8535830142614	6450.0	-2814.0167115048944	7.163128490633112
7166000	-2801.7495010288194	6451.0	-2809.9889924451663	8.239491416346956
7167000	-2801.12003626746	6452.0	-2809.1218458207222	8.001809553262518
7168000	-2800.56918219964	6453.0	-2809.002914073093	8.433731873453052
7169000	-2804.649748299338	6453.0	-2813.4864714768487	8.836723177510372
7170000	-2801.5511632391317	6454.0	-2810.273023664991	8.721860425859262
7171000	-2802.3599884918117	6455.0	-2809.9939132210698	7.633924729258121
7172000	-2802.5332683821975	6456.0	-2811.198083630298	8.664815248100375
7173000	-2803.4496267410623	6457.0	-2811.334004388198	7.884377647135624
7174000	-2801.8263771084353	6458.0	-2809.813923406463	7.987546298027749
7175000	-2800.8380145148376	6459.0	-2809.4571887523157	8.619174237478063
7176000	-2804.6853467134706	6460.0	-2812.3675863373533	7.682239623882825
7177000	-2802.512370007844	6461.0	-2810.7754109988437	8.26304099099979
7178000	-2802.913272309293	6462.0	-2810.77321905552	7.859946746226871
7179000	-2803.6586164158102	6462.0	-2812.2117023443134	8.55308592850294
7180000	-2803.346952393541	6463.0	-2811.591815240944	8.24486284740322
7181000	-2801.0009958101887	6464.0	-2809.7299988943932	8.729003084204578
7182000	-2804.650834816544	6465.0	-2812.0446368874905	7.393802070946698
7183000	-2807.2341003699853	6466.0	-2814.471778085046	7.237677715060521
7184000	-2806.1171932248826	6467.0	-2810.3923878061028	4.275194581220163
7185000	-2801.808284107383	6468.0	-2809.7448695403123	7.936585432929376
7186000	-2801.94020836905	6469.0	-2809.638970159104	7.698761790053751
7187000	-2803.2815761564807	6470.0	-2810.196154706434	6.914578549953021
7188000	-2805.6641227162145	6471.0	-2811.8337326382593	6.169609922045046
7189000	-2803.582550385855	6471.0	-2811.7570185492564	8.174468163401238
7190000	-2805.3322678367012	6472.0	-2813.557699994468	8.225432157766662
7191000	-2803.267614259195	6473.0	-2810.6691682372743	7.401553978079507
7192000	-2800.611762505182	6474.0	-2808.8269269146485	8.215164409466531
7193000	-2805.1105401150085	6475.0	-2811.8976114946254	6.78707137961696
7194000	-2800.6411770024197	6476.0	-2808.88663905098	8.245462048560714
7195000	-2801.312891891177	6477.0	-2809.749356537987	8.436464646809664
7196000	-2806.695853779553	6478.0	-2815.3509099200387	8.65505614048573
7197000	-2801.866104538016	6479.0	-2810.1060993182864	8.239994780270417
7198000	-2800.753643021131	6480.0	-2808.9300023784717	8.176359357340328
7199000	-2801.3949504049137	6480.0	-2809.8200736947724	8.425123289858501
7200000	-2800.8894336742283	6481.0	-2809.4132637359226	8.523830061694355
7201000	-2802.875562376245	6482.0	-2809.940531127956	7.0649687517113415
7202000	-2801.7833780754045	6483.0	-2809.9895969993768	8.206218923972411
7203000	-2804.168205817245	6484.0	-2811.2119058705216	7.043700053276696
7204000	-2800.886250966688	6485.0	-2809.318756296564	8.432505329876332
7205000	-2801.559822834322	6486.0	-2809.6954788575863	8.135656023264307
7206000	-2804.4176839206393	6487.0	-2811.9213287427547	7.503644822115161
7207000	-2807.5332954805376	6488.0	-2815.971775236315	8.438479755777148
7208000	-2802.7511968267545	6489.0	-2810.9309274042266	8.179730577472347
7209000	-2802.223756968444	6489.0	-2810.4820002885517	8.258243320107844
7210000	-2803.8903283051286	6490.0	-2812.65214261394	8.761814308811468
7211000	-2804.5026022550915	6491.0	-2812.7933967513827	8.290794496291333
7212000	-2800.7867938409504	6492.0	-2809.2670402881886	8.480246447238244
7213000	-2801.0009806390544	6493.0	-2809.5348114685776	8.533830829523268
7214000	-2805.6108540797013	6494.0	-2814.9329893838844	9.322135304182911
7215000	-2802.9323320779736	6495.0	-2810.9800554647563	8.047723386782863
7216000	-2800.6665354494794	6496.0	-2808.8623149770465	8.195779527566904
7217000	-2807.0877043504483	6497.0	-2814.7994172029103	7.711712852461837
7218000	-2802.1229033824743	6498.0	-2809.9429757324615	7.820072349987289
7219000	-2803.0894226321625	6498.0	-2811.085454277849	7.996031645686247
7220000	-2805.03682303538	6499.0	-2812.8384145182968	7.801591482916502
7221000	-2802.1130727427953	6500.0	-2810.4863424069295	8.373269664134295
7222000	-2801.4871535293137	6501.0	-2809.021998382209	7.534844852895244
7223000	-2802.5501396788136	6502.0	-2810.368212771211	7.818073092397382
7224000	-2807.061533504824	6503.0	-2814.7565728452773	7.695039340453128
7225000	-2802.0286970365714	6504.0	-2809.2593064593825	7.23060942281094
7226000	-2802.7994296827665	6505.0	-2811.037138000427	8.237708317660722
7227000	-2801.70117986592	6506.0	-2809.3686950005012	7.667515134581147
7228000	-2800.6919696249456	6507.0	-2809.175423907025	8.483454282079649
7229000	-2800.9535931042433	6507.0	-2809.672121432239	8.718528327995434
7230000	-2801.904867469043	6508.0	-2810.2872572513234	8.382389782280391
7231000	-2803.1719368039767	6509.0	-2810.9918629804183	7.819926176441462
7232000	-2802.785410326267	6510.0	-2810.5896253331075	7.804215006840488
7233000	-2803.3612485406384	6511.0	-2810.5301943846116	7.1689458439733755
7234000	-2806.640976378779	6512.0	-2811.0714783943113	4.430502015532046
7235000	-2803.5471670049355	6513.0	-2812.2153628683204	8.668195863384822
7236000	-2802.064176826202	6514.0	-2810.626826751708	8.56264992550566
7237000	-2802.9560674445675	6515.0	-2811.0063306303678	8.050263185800446
7238000	-2801.3235496609614	6516.0	-2809.5728045326373	8.249254871675767
7239000	-2801.973259438984	6516.0	-2810.436497290558	8.46323785157388
7240000	-2801.8278612281797	6517.0	-2809.816101045993	7.988239817813527
7241000	-2802.421501936342	6518.0	-2811.0121662685547	8.590664332212667
7242000	-2801.578816333375	6519.0	-2809.584878493513	8.006062160137954
7243000	-2801.482852049607	6520.0	-2809.169245926192	7.686393876584917
7244000	-2804.911826163228	6521.0	-2812.20478341103	7.292957247801809
7245000	-2800.800322618093	6522.0	-2808.8903368726965	8.090014254603402
7246000	-2803.551288942676	6523.0	-2811.9692895954213	8.418000652745475
7247000	-2804.731018064584	6524.0	-2811.435295799611	6.704277735027045
7248000	-2801.622372288958	6525.0	-2809.4542087595314	7.831836470573403
7249000	-2809.633325332107	6525.0	-2816.632923454182	6.999598122075233
7250000	-2802.1079428931325	6526.0	-2810.006691460073	7.8987485669402915
7251000	-2801.969958837254	6527.0	-2810.4319641467564	8.462005309502246
7252000	-2800.4137135845153	6528.0	-2808.704044665236	8.290331080720359
7253000	-2801.9997214435616	6529.0	-2810.0309841568405	8.031262713279109
7254000	-2802.6363109114327	6530.0	-2810.4417492078933	7.805438296460754
7255000	-2801.9331499121004	6531.0	-2809.8291338363874	7.895983924287064
7256000	-2802.9442071238796	6532.0	-2811.1385296252834	8.194322501404026
7257000	-2803.8812857286507	6533.0	-2812.3798884343373	8.498602705686434
7258000	-2802.5113553515994	6534.0	-2810.795334584745	8.28397923314553
7259000	-2802.0846427569845	6534.0	-2810.4995447277815	8.414901970796834
7260000	-2803.4929877178224	6535.0	-2812.1987036618093	8.705715943986784
7261000	-2801.940216804067	6536.0	-2810.3516375947074	8.411420790640282
7262000	-2800.651187125866	6537.0	-2808.7990361010643	8.14784897519846
7263000	-2802.1661230164	6538.0	-2810.074444365325	7.908321348924591
7264000	-2801.433416631041	6539.0	-2809.9921092268814	8.558692595840679
7265000	-2801.793463541576	6540.0	-2810.0296557020006	8.236192160424913
7266000	-2801.000430005879	6541.0	-2809.1526217970077	8.152191791128518
7267000	-2803.625965760005	6542.0	-2810.9456663824003	7.319700622395324
7268000	-2800.9270885827964	6543.0	-2809.3330085474345	8.405919964637869
7269000	-2804.901098701017	6543.0	-2813.1561499567965	8.25505125577945
7270000	-2802.446341742341	6544.0	-2810.5799562282705	8.13361448592962
7271000	-2802.021258880591	6545.0	-2810.7047738754877	8.683514994896381
7272000	-2805.5492389210067	6546.0	-2809.2666962503695	3.71745732936283
7273000	-2804.5955986531976	6547.0	-2811.4247296074022	6.829130954204457
7274000	-2801.143860280382	6548.0	-2809.2912836332234	8.1474233528417
7275000	-2803.1215886456635	6549.0	-2811.0506785976813	7.9290899520177565
7276000	-2802.6682475581115	6550.0	-2810.5296647206533	7.861417162541917
7277000	-2801.5878074986535	6551.0	-2809.513649161753	7.925841663099522
7278000	-2804.372313642403	6552.0	-2812.60566517037	8.233351527967214
7279000	-2802.260853120073	6552.0	-2810.1239626497318	7.863109529658829
7280000	-2806.3079583903314	6553.0	-2814.672740265257	8.364781874925484
7281000	-2803.1984167527853	6554.0	-2810.976044315614	7.777627562829025
7282000	-2803.5418550135196	6555.0	-2808.8011848822334	5.259329868713959
7283000	-2800.491992737691	6556.0	-2808.600526840439	8.108534102748525
7284000	-2803.5775748536935	6557.0	-2810.9324522106963	7.354877357002956
7285000	-2805.654859033255	6558.0	-2813.0507480097767	7.395888976521715
7286000	-2804.3149573209816	6559.0	-2812.6240434390993	8.309086118117726
7287000	-2805.9167160679654	6560.0	-2813.2211978418154	7.304481773849872
7288000	-2802.2153742043097	6561.0	-2810.6051066643968	8.389732460086904
7289000	-2802.166193790534	6561.0	-2809.896315573997	7.730121783463081
7290000	-2800.887910262212	6562.0	-2808.776181607079	7.888271344866897
7291000	-2804.8202306852404	6563.0	-2812.390260708019	7.5700300227786155
7292000	-2801.910647425087	6564.0	-2808.779321454685	6.868674029598015
7293000	-2802.045802624368	6565.0	-2810.2884269089745	8.242624284606443
7294000	-2802.7967567762785	6566.0	-2810.99740805613	8.20065127985173
7295000	-2803.8906221139314	6567.0	-2811.7661137405753	7.875491626643866
7296000	-2804.5557856668206	6568.0	-2810.668425579627	6.1126399128065305
7297000	-2801.9508421479045	6569.0	-2809.932769245975	7.981927098070824
7298000	-2802.224513294471	6570.0	-2810.1204277087454	7.895914414274375
7299000	-2802.4343551957263	6570.0	-2809.8582056139007	7.423850418174204
7300000	-2802.6671067567677	6571.0	-2811.022142704484	8.355035947716363
7301000	-2802.5560854933005	6572.0	-2811.2937301963425	8.737644703042116
7302000	-2809.7632301342774	6573.0	-2816.1057848435566	6.342554709279265
7303000	-2803.8967506824174	6574.0	-2811.8926575181436	7.995906835726275
7304000	-2804.5679637808366	6575.0	-2811.247517678319	6.679553897482393
7305000	-2801.552249338778	6576.0	-2808.9623618482615	7.410112509483506
7306000	-2802.3158103332034	6577.0	-2810.81657378788	8.500763454676463
7307000	-2801.8404318504927	6578.0	-2810.394759447842	8.554327597349335
7308000	-2802.445367498156	6579.0	-2811.1553873907715	8.710019892615609
7309000	-2801.110675217183	6579.0	-2809.2323593035912	8.12168408640795
7310000	-2800.093815100321	6580.0	-2808.5771197477493	8.483304647428387
7311000	-2801.841947365072	6581.0	-2810.2989519853604	8.457004620288316
7312000	-2801.4232445465636	6582.0	-2808.806563712845	7.383319166281593
7313000	-2802.218021710669	6583.0	-2811.1323145955294	8.914292884860451
7314000	-2802.9130207003695	6584.0	-2810.7052417570985	7.792221056729192
7315000	-2803.0832154769973	6585.0	-2810.508293883827	7.425078406829247
7316000	-2802.4070466175594	6586.0	-2810.785924708717	8.378878091157913
7317000	-2802.54995647857	6587.0	-2811.0433660426206	8.49340956405038
7318000	-2802.16747015667	6588.0	-2810.569497136889	8.40202698021898
7319000	-2802.323836898763	6588.0	-2809.998423248883	7.674586350119618
7320000	-2801.4155464600203	6589.0	-2809.8166227738066	8.401076313786183
7321000	-2800.591114957184	6590.0	-2809.266062746964	8.674947789779992
7322000	-2804.969056140819	6591.0	-2813.2853027275105	8.316246586691637
7323000	-2803.051860839177	6592.0	-2811.053836776897	8.001975937719848
7324000	-2803.763990017508	6593.0	-2812.0647733925175	8.30078337500945
7325000	-2803.3194753628645	6594.0	-2810.806005171466	7.486529808601707
7326000	-2802.615322748684	6595.0	-2810.5283324565676	7.913009707883585
7327000	-2801.1106062980807	6596.0	-2809.727056397943	8.616450099862618
7328000	-2805.0465418316912	6597.0	-2810.2709669594324	5.224425127741252
7329000	-2801.904686734375	6597.0	-2810.332711385684	8.428024651308835
7330000	-2801.322663870747	6598.0	-2809.504988011768	8.182324141021184
7331000	-2802.672267811714	6599.0	-2809.9670236385678	7.2947558268538515
7332000	-2802.105644073713	6600.0	-2809.94888404249	7.843239968777261
7333000	-2803.9318876747066	6601.0	-2810.308049670365	6.376161995658694
7334000	-2801.8423965418374	6602.0	-2809.934341322479	8.09194478064179
7335000	-2802.716503271053	6603.0	-2811.4137755363768	8.6972722653236
7336000	-2805.2940710448825	6604.0	-2812.8471293100242	7.553058265141856
7337000	-2801.1265075251895	6605.0	-2809.206772641177	8.080265115987263
7338000	-2800.6958015083787	6606.0	-2809.1224061962876	8.426604687908794
7339000	-2802.4176670586253	6606.0	-2809.79188072823	7.374213669604706
7340000	-2802.331189913405	6607.0	-2808.9274120752275	6.596222161822394
7341000	-2801.7983849598777	6608.0	-2809.4451957364663	7.646810776588642
7342000	-2801.723655036618	6609.0	-2809.5323431655943	7.808688128976344
7343000	-2802.3711044953316	6610.0	-2810.9764419047597	8.605337409428305
7344000	-2802.3237310941786	6611.0	-2810.3681467587317	8.04441566455301
7345000	-2803.5530022435287	6612.0	-2811.6815533289428	8.128551085413882
7346000	-2804.77212005827	6613.0	-2813.3096545654344	8.537534507164528
7347000	-2801.415768777681	6614.0	-2809.733856221605	8.31808744392412
7348000	-2805.858628980298	6615.0	-2813.5731070784864	7.714478098188572
7349000	-2800.6486303075494	6615.0	-2809.0264592360095	8.377828928460143
7350000	-2802.7035250070044	6616.0	-2809.777252374738	7.073727367733875
7351000	-2800.861149396196	6617.0	-2808.9638553318528	8.102705935656363
7352000	-2802.72679590204	6618.0	-2811.1520058983697	8.425209996329475
7353000	-2803.5473871320814	6619.0	-2811.4440130080484	7.896625875966862
7354000	-2803.068765355649	6620.0	-2812.1048797418493	9.03611438620043
7355000	-2806.503736603233	6621.0	-2813.977746911984	7.47401030875119
7356000	-2801.6188706020716	6622.0	-2809.496567444262	7.877696842190218
7357000	-2802.7310762741004	6623.0	-2810.5439597776235	7.812883503522965
7358000	-2804.4975795929618	6624.0	-2809.4423582963	4.944778703338379
7359000	-2804.2935478828854	6624.0	-2811.314773936972	7.021226054086423
7360000	-2801.7849807838384	6625.0	-2809.887549633667	8.102568849828572
7361000	-2801.304938193438	6626.0	-2809.6031937084595	8.298255515021744
7362000	-2806.273064257162	6627.0	-2813.4529014066834	7.179837149521292
7363000	-2802.4027720964546	6628.0	-2810.47146979219	8.06869769573554
7364000	-2804.8675357994684	6629.0	-2813.63782472991	8.77028893044147
7365000	-2801.350429123818	6630.0	-2809.626456142984	8.276027019166168
7366000	-2801.980602204619	6631.0	-2809.8524052195935	7.871803014974292
7367000	-2801.450020182607	6632.0	-2809.7557109466657	8.305690764058458
7368000	-2800.9945292001707	6633.0	-2809.2151330206843	8.220603820513471
7369000	-2800.378291462041	6633.0	-2808.7669973644615	8.38870590242038
7370000	-2801.030611536158	6634.0	-2808.831276566313	7.800665030154736
7371000	-2804.2430216074345	6635.0	-2810.747254809735	6.504233202300481
7372000	-2801.7198030607365	6636.0	-2810.355821704048	8.636018643311882
7373000	-2802.1198382525367	6637.0	-2810.1058610107643	7.986022758227636
7374000	-2803.3902698165007	6638.0	-2811.840752008231	8.450482191730444
7375000	-2803.496893551369	6639.0	-2810.766170411451	7.269276860082422
7376000	-2802.1125170108735	6640.0	-2809.8165398678057	7.704022856932138
7377000	-2803.9491872878	6641.0	-2812.2672522222792	8.31806493447909
7378000	-2801.4680942126806	6642.0	-2809.7552119744437	8.28711776176316
7379000	-2803.1227851315766	6642.0	-2811.0061625284316	7.883377396854956
7380000	-2803.9772945445084	6643.0	-2810.1652380414157	6.187943496907264
7381000	-2803.3406269748834	6644.0	-2812.0365269745953	8.695899999711713
7382000	-2802.559129334472	6645.0	-2809.689428980284	7.130299645812158
7383000	-2804.529763108763	6646.0	-2812.0626893040935	7.532926195330707
7384000	-2800.4564769965564	6647.0	-2808.7410625949497	8.284585598393232
7385000	-2804.705913316582	6648.0	-2812.791799593829	8.085886277246852
7386000	-2801.8916593309946	6649.0	-2809.8503095381716	7.958650207176828
7387000	-2801.599107949277	6650.0	-2809.9739335485256	8.374825599248481
7388000	-2803.332811212999	6651.0	-2811.3640019757	8.031190762701161
7389000	-2801.9127316494632	6651.0	-2809.9088080988163	7.996076449353196
7390000	-2805.148403561431	6652.0	-2813.788521592546	8.640118031115104
7391000	-2803.618516161564	6653.0	-2811.5740178719902	7.955501710426339
7392000	-2801.582744133394	6654.0	-2809.6530670851034	8.070322951709514
7393000	-2802.619933377592	6655.0	-2811.199033336612	8.579099959019826
7394000	-2803.5219823549924	6656.0	-2812.2112903347956	8.689307979803509
7395000	-2803.5112111858393	6657.0	-2811.126766513823	7.615555327983823
7396000	-2807.8530117139667	6658.0	-2815.900606852701	8.047595138734167
7397000	-2802.4685852086786	6659.0	-2810.353902586676	7.885317377997607
7398000	-2801.5396831246603	6660.0	-2808.8613056609643	7.321622536304171
7399000	-2801.5658485567337	6660.0	-2809.999113203451	8.433264646717134
7400000	-2801.9690656768785	6661.0	-2810.2990326989475	8.32996702206895
7401000	-2802.5130968190847	6662.0	-2810.4781899787667	7.965093159682091
7402000	-2803.4790019647266	6663.0	-2811.6818138190984	8.20281185437155
7403000	-2802.160922744626	6664.0	-2810.3427376876184	8.181814942992528
7404000	-2802.8817752545406	6665.0	-2810.9998965593068	8.118121304766095
7405000	-2802.1341745567474	6666.0	-2810.5167014476683	8.382526890920973
7406000	-2804.576443237535	6667.0	-2810.095012315681	5.5185690781461165
7407000	-2806.814760976369	6668.0	-2815.250968599754	8.436207623384771
7408000	-2806.1158752438387	6669.0	-2814.1966092668226	8.080734022983908
7409000	-2803.6292795602703	6669.0	-2812.318103483775	8.688823923504533
7410000	-2801.264447697135	6670.0	-2809.4339952913133	8.169547594178105
7411000	-2802.98385733391	6671.0	-2810.6650615607364	7.681204226826804
7412000	-2805.154868908731	6672.0	-2811.4591895969606	6.30432068822984
7413000	-2804.5489381221273	6673.0	-2812.5503404865594	8.001402364432238
7414000	-2802.2106519982694	6674.0	-2810.023055828021	7.812403829751605
7415000	-2804.1205108669537	6675.0	-2812.2625025128164	8.141991645862628
7416000	-2805.6947609413965	6676.0	-2813.3152316498476	7.620470708451403
7417000	-2803.55286605363	6677.0	-2810.792667984068	7.239801930437633
7418000	-2802.6298611332013	6678.0	-2811.4534719685184	8.82361083531719
7419000	-2805.1575821220335	6678.0	-2813.8146045545273	8.657022432493909
7420000	-2802.752094236467	6679.0	-2811.081031134183	8.32893689771568
7421000	-2803.6639917850994	6680.0	-2810.887802956564	7.22381117146449
7422000	-2801.9645049218107	6681.0	-2810.7854938237106	8.82098890190008
7423000	-2803.0239540609173	6682.0	-2809.1762762129288	6.152322152011388
7424000	-2807.3235647310394	6683.0	-2815.151823005599	7.8282582745598415
7425000	-2803.2672815361143	6684.0	-2811.3414033210975	8.074121784982951
7426000	-2801.3582018751777	6685.0	-2809.6716170948366	8.313415219658975
7427000	-2801.276959370408	6686.0	-2809.0101704450867	7.733211074678977
7428000	-2805.2635130729905	6687.0	-2809.7727388304847	4.509225757494367
7429000	-2803.25964300358	6687.0	-2811.958222529749	8.698579526169066
7430000	-2801.6060385387595	6688.0	-2810.471814025788	8.865775487028465
7431000	-2800.736808270468	6689.0	-2808.5644430171997	7.827634746731752
7432000	-2803.358005885745	6690.0	-2810.8382628582913	7.48025697254601
7433000	-2804.6728553575454	6691.0	-2812.1047243668136	7.431869009268347
7434000	-2802.3217855134426	6692.0	-2810.356292797102	8.034507283659634
7435000	-2803.559280925699	6693.0	-2811.4723175015074	7.913036575808231
7436000	-2807.1838831915315	6694.0	-2814.428580341519	7.244697149987388
7437000	-2801.726639776485	6695.0	-2810.154055923583	8.427416147097869
7438000	-2800.494242984953	6696.0	-2809.0531143971566	8.558871412203775
7439000	-2802.5895122360917	6696.0	-2811.007568936382	8.418056700290634
7440000	-2804.2147203120453	6697.0	-2812.60855564651	8.393835334464928
7441000	-2805.0584560948464	6698.0	-2813.8879598666094	8.829503771763111
7442000	-2800.6891761355905	6699.0	-2808.7285404061968	8.03936427060625
7443000	-2802.249989407675	6700.0	-2809.505034545705	7.255045138029855
7444000	-2804.3997418831145	6701.0	-2812.435129358541	8.035387475426386
7445000	-2803.216378525592	6702.0	-2809.895062175744	6.67868365015202
7446000	-2803.25408538504	6703.0	-2811.5090148388454	8.254929453805198
7447000	-2804.1689257590806	6704.0	-2811.529954959503	7.361029200422163
7448000	-2801.962463214655	6705.0	-2810.0341354787224	8.071672264067196
7449000	-2803.8162815433325	6705.0	-2810.6494410643236	6.833159520990938
7450000	-2800.503729035608	6706.0	-2808.784171451416	8.280442415808224
7451000	-2804.538431935777	6707.0	-2812.0417322093067	7.503300273529475
7452000	-2801.1906837637007	6708.0	-2809.9480483935768	8.7573646298762
7453000	-2802.575711804705	6709.0	-2809.667124340845	7.091412536140146
7454000	-2802.4958700321563	6710.0	-2811.2245680257734	8.728697993616908
7455000	-2801.422951381127	6711.0	-2808.9578053778946	7.53485399676761
7456000	-2803.035285280949	6712.0	-2810.9464922913726	7.91120701042335
7457000	-2803.178397141573	6713.0	-2811.2421719451945	8.063774803621431
7458000	-2803.4475995670637	6714.0	-2812.0089279668377	8.561328399774265
7459000	-2802.130087298035	6714.0	-2810.238366167972	8.108278869936848
7460000	-2801.8516802111194	6715.0	-2809.701094137535	7.8494139264157115
7461000	-2805.321180989275	6716.0	-2814.3372072564275	9.016026267152558
7462000	-2802.9205474103514	6717.0	-2811.0216236665137	8.101076256162408
7463000	-2802.165223110129	6718.0	-2809.860443766679	7.695220656550178
7464000	-2809.9175176994772	6719.0	-2814.7364128935124	4.818895194035191
7465000	-2802.054311755395	6720.0	-2810.0513470331493	7.997035277754752
7466000	-2802.918064251058	6721.0	-2810.9631814996965	8.04511724863882
7467000	-2802.457457184921	6722.0	-2810.6089381117754	8.151480926854259
7468000	-2802.1850666319374	6723.0	-2810.1868044137777	8.001737781840461
7469000	-2800.3301801888024	6723.0	-2808.732068950112	8.401888761309522
7470000	-2802.592026048397	6724.0	-2809.9049446703375	7.312918621940454
7471000	-2803.116693175621	6725.0	-2811.3035389902293	8.186845814608361
7472000	-2800.7421042675705	6726.0	-2808.8791081452114	8.137003877641062
7473000	-2804.986177006567	6727.0	-2809.2177075652935	4.231530558726609
7474000	-2804.542965641862	6728.0	-2813.0948184823205	8.551852840458665
7475000	-2803.700441846867	6729.0	-2812.3264839068515	8.626042059984615
7476000	-2801.5214222635586	6730.0	-2810.2302919077433	8.708869644184526
7477000	-2802.7970439599108	6731.0	-2810.3358065742814	7.538762614370511
7478000	-2801.244559114071	6732.0	-2809.44279237648	8.198233262409124
7479000	-2803.546857877577	6732.0	-2811.4785921257076	7.931734248130489
7480000	-2801.3589149178347	6733.0	-2809.6077155133617	8.248800595526978
7481000	-2806.0911526179443	6734.0	-2814.268313362244	8.177160744299755
7482000	-2801.085872426728	6735.0	-2809.4919664642634	8.40609403753541
7483000	-2802.6100804176426	6736.0	-2809.660721122677	7.050640705034326
7484000	-2802.5763523354112	6737.0	-2810.20713259051	7.6307802550986
7485000	-2802.0530163917897	6738.0	-2810.6571050018274	8.604088610037765
7486000	-2801.744090767547	6739.0	-2810.0649039846817	8.320813217135061
7487000	-2803.251192363895	6740.0	-2811.515585172201	8.264392808306244
7488000	-2801.9577259320386	6741.0	-2809.785382431743	7.827656499704445
7489000	-2805.081591689313	6741.0	-2813.2885236331936	8.206931943880686
7490000	-2804.258741811224	6742.0	-2812.51903086706	8.260289055835962
7491000	-2803.1913192500238	6743.0	-2810.351653447825	7.160334197801024
7492000	-2801.5312857814715	6744.0	-2809.801360301122	8.2700745196504
7493000	-2801.4723687781448	6745.0	-2809.6792683793587	8.206899601213866
7494000	-2800.405519097097	6746.0	-2808.8684972743836	8.462978177286463
7495000	-2802.581768478911	6747.0	-2811.225519137772	8.643750658861466
7496000	-2803.973060088721	6748.0	-2812.5491800084183	8.576119919697414
7497000	-2800.935606618861	6749.0	-2809.0032804231064	8.067673804245405
7498000	-2802.9551364933563	6750.0	-2811.0151689757204	8.060032482364036
7499000	-2801.1947813465213	6750.0	-2809.083553206424	7.88877185990274
7500000	-2803.65345769908	6751.0	-2810.611734669978	6.958276970898382
7501000	-2808.193366343507	6752.0	-2815.684499648067	7.491133304559847
7502000	-2801.9610259710953	6753.0	-2810.3794598224017	8.418433851306244
7503000	-2804.462233786754	6754.0	-2812.5338764167745	8.071642630020404
7504000	-2803.5731241762464	6755.0	-2811.4635127319525	7.890388555705878
7505000	-2802.7599441305465	6756.0	-2811.0255745269983	8.26563039645159
7506000	-2802.8718881837135	6757.0	-2809.355189956884	6.483301773170435
7507000	-2803.6299012367353	6758.0	-2811.4978809114837	7.867979674748506
7508000	-2805.023492127862	6759.0	-2813.19590369323	8.172411565367895
7509000	-2803.7520484409306	6759.0	-2811.84313905687	8.091090615939263
7510000	-2801.6336000261826	6760.0	-2809.7385161415755	8.104916115392717
7511000	-2800.606440804451	6761.0	-2808.614109676655	8.007668872204203
7512000	-2801.388930609155	6762.0	-2810.0200865468255	8.631155937670446
7513000	-2803.3329179787343	6763.0	-2811.408217038316	8.07529905958166
7514000	-2806.3868611414077	6764.0	-2810.5036128158936	4.116751674485663
7515000	-2807.8202604833305	6765.0	-2814.4606552748655	6.6403947915349875
7516000	-2802.7006270978827	6766.0	-2810.7951900603257	8.094562962442762
7517000	-2803.3461244621426	6767.0	-2811.7633189112394	8.417194449096797
7518000	-2801.727345539516	6768.0	-2809.6324915399446	7.905146000428584
7519000	-2807.8867314821823	6768.0	-2814.328751804035	6.442020321852688
7520000	-2810.1577396798366	6769.0	-2817.192897487049	7.035157807212248
7521000	-2805.650024005082	6770.0	-2810.6587498637364	5.008725858654531
7522000	-2803.0423772658455	6771.0	-2810.6768549282997	7.634477662453996
7523000	-2803.1404896275576	6772.0	-2811.1384793625975	7.9979897350400115
7524000	-2802.9676932620528	6773.0	-2809.3288911062855	6.361197844232812
7525000	-2806.2623746564577	6774.0	-2811.6674907722745	5.405116115816975
7526000	-2800.620116419701	6775.0	-2808.7055880853477	8.085471665646908
7527000	-2807.156951886327	6776.0	-2814.689563621127	7.532611734799991
7528000	-2802.4241423425806	6777.0	-2810.243458006228	7.819315663647774
7529000	-2801.813607559034	6777.0	-2810.188821467831	8.37521390879704
7530000	-2802.4263002556277	6778.0	-2810.269700444824	7.8434001891965055
7531000	-2806.096895469205	6779.0	-2812.972646648052	6.8757511788469925
7532000	-2808.5449393174604	6780.0	-2811.5578933013535	3.0129539838930572
7533000	-2801.8566881496645	6781.0	-2810.0796880350504	8.222999885385889
7534000	-2802.5981853422736	6782.0	-2811.4764604963875	8.878275154113972
7535000	-2801.1424826774864	6783.0	-2808.5429215337126	7.400438856226252
7536000	-2800.5528887259857	6784.0	-2808.9528350965356	8.399946370550111
7537000	-2802.1252808146737	6785.0	-2809.948840876168	7.82356006149418
7538000	-2802.944208185249	6786.0	-2810.1444776460835	7.20026946083459
7539000	-2804.0434569495546	6786.0	-2811.776062309993	7.732605360438397
7540000	-2804.920976859937	6787.0	-2813.024364723836	8.103387863898831
7541000	-2803.5146704598087	6788.0	-2811.3089966628067	7.7943262029981755
7542000	-2803.119439605049	6789.0	-2809.468688737644	6.349249132594787
7543000	-2802.0502045736257	6790.0	-2809.5603580142815	7.510153440655668
7544000	-2805.508251016522	6791.0	-2812.758318638108	7.250067621586017
7545000	-2803.1673891962473	6792.0	-2811.5408777820703	8.373488585822875
7546000	-2802.479565012489	6793.0	-2810.9568961860023	8.47733117351332
7547000	-2806.0886548377744	6794.0	-2814.4994962228475	8.410841385072974
7548000	-2802.790286917781	6795.0	-2810.6780685403473	7.887781622566411
7549000	-2804.6209138332465	6795.0	-2812.3520812358747	7.73116740262805
7550000	-2804.2441040527797	6796.0	-2812.465514488533	8.2214104357533
7551000	-2803.717315191961	6797.0	-2811.427728586762	7.710413394800794
7552000	-2801.943734431454	6798.0	-2809.680839788509	7.737105357054886
7553000	-2803.300638419066	6799.0	-2810.798272557335	7.497634138269017
7554000	-2802.6651802396764	6800.0	-2810.712194750209	8.047014510532916
7555000	-2802.3697555387384	6801.0	-2810.024287224616	7.654531685877549
7556000	-2803.0444699392065	6802.0	-2811.3565222619036	8.312052322697198
7557000	-2800.7472572008332	6803.0	-2808.879628605064	8.132371404230877
7558000	-2803.0227038454195	6804.0	-2809.097204983084	6.074501137664206
7559000	-2803.3868650640206	6804.0	-2811.2009197837037	7.814054719683098
7560000	-2803.886093912149	6805.0	-2812.5909891678043	8.70489525565533
7561000	-2802.608675826531	6806.0	-2810.847706475254	8.23903064872312
7562000	-2801.8600778280834	6807.0	-2809.482507241621	7.622429413537816
7563000	-2803.0650043242404	6808.0	-2811.03197252049	7.966968196249443
7564000	-2804.999036178931	6809.0	-2812.1762162678833	7.177180088952316
7565000	-2803.8700653964033	6810.0	-2811.71895767454	7.84889227813685
7566000	-2801.9311398701834	6811.0	-2810.23163713771	8.300497267526481
7567000	-2801.3584728508904	6812.0	-2809.6859282848363	8.327455433946165
7568000	-2807.520264674521	6813.0	-2814.4465213961744	6.926256721653122
7569000	-2804.0163792170733	6813.0	-2812.206720388804	8.19034117173091
7570000	-2802.3022186234734	6814.0	-2810.274975646249	7.972757022775667
7571000	-2803.242139766168	6815.0	-2810.6557865659165	7.413646799748616
7572000	-2802.0387749966726	6816.0	-2810.000919856555	7.962144859882436
7573000	-2802.562213365047	6817.0	-2810.9053581522157	8.3431447871691
7574000	-2802.7901390110283	6818.0	-2810.1578783418418	7.3677393308132695
7575000	-2804.2530010463697	6819.0	-2812.1271986241636	7.87419757779405
7576000	-2801.4913849444656	6820.0	-2809.351468456213	7.860083511747083
7577000	-2801.154710945798	6821.0	-2809.244518840984	8.089807895186048
7578000	-2801.9273209891567	6822.0	-2810.3326687164517	8.405347727294934
7579000	-2800.9766810260307	6822.0	-2808.920356085907	7.943675059876114
7580000	-2801.942220193442	6823.0	-2810.003906922611	8.061686729168787
7581000	-2802.4768925037542	6824.0	-2810.116335827092	7.639443323337586
7582000	-2802.1063299476273	6825.0	-2810.3387821915157	8.232452243888584
7583000	-2807.120038268293	6826.0	-2814.786152231677	7.666113963384322
7584000	-2801.9727933568743	6827.0	-2810.441095713622	8.468302356747738
7585000	-2801.2667975307713	6828.0	-2809.283467308751	8.01666977797947
7586000	-2806.0201554583173	6829.0	-2813.977687009834	7.957531551516681
7587000	-2802.6038496283663	6830.0	-2810.3349743790277	7.731124750661208
7588000	-2802.844376827875	6831.0	-2810.672646663353	7.8282698354780695
7589000	-2802.0044139729284	6831.0	-2809.8506967795292	7.846282806600971
7590000	-2801.55831776878	6832.0	-2809.2159055199527	7.657587751172598
7591000	-2802.389544626359	6833.0	-2810.755391291334	8.365846664975138
7592000	-2801.3231455206906	6834.0	-2809.2870589657837	7.963913445092891
7593000	-2801.3796806971127	6835.0	-2809.366934261347	7.987253564234457
7594000	-2805.135919826972	6836.0	-2813.4887556698736	8.352835842901456
7595000	-2802.8069775109466	6837.0	-2809.5490416070143	6.742064096067772
7596000	-2805.184994363775	6838.0	-2813.0277406230784	7.8427462593036665
7597000	-2802.704791163846	6839.0	-2809.978628628834	7.273837464988011
7598000	-2803.1553859268015	6840.0	-2809.0089566248794	5.853570698078036
7599000	-2803.393593541204	6840.0	-2812.1147076553657	8.721114114161395
7600000	-2801.109006617963	6841.0	-2809.184848894486	8.075842276522817
7601000	-2801.9995970238715	6842.0	-2810.005103687359	8.005506663487933
7602000	-2801.4118581163307	6843.0	-2808.947481127635	7.535623011304315
7603000	-2801.665237498598	6844.0	-2809.6061762565478	7.9409387579496595
7604000	-2802.519684191542	6845.0	-2810.2359437816485	7.716259590106375
7605000	-2802.2682052746145	6846.0	-2810.6641333606103	8.395928085995784
7606000	-2801.2954706647283	6847.0	-2808.564760559691	7.2692898949628315
7607000	-2802.4853502356796	6848.0	-2810.5339279032205	8.048577667540982
7608000	-2803.220444757947	6849.0	-2811.5654429778965	8.344998219949701
7609000	-2801.649848514302	6849.0	-2809.724986479816	8.075137965514102
7610000	-2802.2388296391396	6850.0	-2810.599027786754	8.36019814761438
7611000	-2801.936992649184	6851.0	-2809.0544293507755	7.117436701591445
7612000	-2803.704348622964	6852.0	-2810.792073496128	7.087724873164068
7613000	-2804.500504476871	6853.0	-2813.343663494727	8.843159017856062
7614000	-2804.7158823588484	6854.0	-2812.5704976710845	7.854615312235967
7615000	-2803.8278163693726	6855.0	-2810.7656606519463	6.937844282573704
7616000	-2809.4629238242983	6856.0	-2815.435483448965	5.972559624666638
7617000	-2801.435157987389	6857.0	-2810.0343006081685	8.599142620779496
7618000	-2801.504111883774	6858.0	-2809.193969611215	7.689857727441059
7619000	-2803.417466981253	6858.0	-2811.9440994010097	8.52663241975688
7620000	-2806.8588193441174	6859.0	-2809.1497039122846	2.2908845681670336
7621000	-2803.4527519411477	6860.0	-2809.862049405605	6.4092974644571825
7622000	-2803.551151678915	6861.0	-2811.7313951784868	8.180243499571388
7623000	-2803.995505986387	6862.0	-2810.1816868357046	6.186180849317534
7624000	-2803.2390791513344	6863.0	-2811.714010898204	8.474931746869707
7625000	-2805.588683482067	6864.0	-2813.5160104909646	7.927327008897503
7626000	-2802.7451946281553	6865.0	-2811.1804174931463	8.435222864991042
7627000	-2807.146694624171	6866.0	-2816.6011695185475	9.454474894376697
7628000	-2802.1325344834368	6867.0	-2810.5345167222886	8.401982238851705
7629000	-2803.5326852061035	6867.0	-2810.291629130353	6.75894392424952
7630000	-2803.004868836438	6868.0	-2811.0016162744323	7.996747437994137
7631000	-2808.366382527933	6869.0	-2816.11101306375	7.744630535816683
7632000	-2801.2238236092217	6870.0	-2808.9878701128137	7.76404650359179
7633000	-2801.688535892334	6871.0	-2810.271303675532	8.582767783198165
7634000	-2800.617210816556	6872.0	-2808.7919761490402	8.174765332484156
7635000	-2802.3292895047894	6873.0	-2809.8297590820266	7.500469577237071
7636000	-2802.1489273014095	6874.0	-2810.484466204802	8.335538903392617
7637000	-2808.1960809429575	6875.0	-2815.5637512061253	7.367670263167829
7638000	-2803.0708854669992	6876.0	-2811.25232997594	8.181444508940817
7639000	-2802.75540002867	6876.0	-2811.4320000525804	8.676600023910336
7640000	-2800.8153324492732	6877.0	-2809.2160882895887	8.400755840315524
7641000	-2803.5334514210713	6878.0	-2811.38950840624	7.856056985168731
7642000	-2802.7330753405777	6879.0	-2810.8119348145383	8.078859473960648
7643000	-2802.417252635733	6880.0	-2810.821957981157	8.404705345423992
7644000	-2800.0120620510047	6881.0	-2808.4401293116584	8.428067260653702
7645000	-2805.6855573764524	6882.0	-2813.9061104131724	8.22055303672007
7646000	-2802.0436612337944	6883.0	-2809.735409372776	7.69174813898124
7647000	-2803.4368761503215	6884.0	-2811.0555020765105	7.618625926188976
7648000	-2801.791155801055	6885.0	-2809.4108354766195	7.619679675564459
7649000	-2801.6874127605506	6885.0	-2809.823210124158	8.135797363607159
7650000	-2800.660268838775	6886.0	-2809.0207394344598	8.360470595684745
7651000	-2801.692192776251	6887.0	-2810.212879503645	8.520686727394208
7652000	-2802.2228932713083	6888.0	-2810.4923700116574	8.26947674034923
7653000	-2801.3319389966023	6889.0	-2809.5616079575007	8.229668960898476
7654000	-2801.313570303027	6890.0	-2809.5728897315594	8.259319428532423
7655000	-2800.9410090433203	6891.0	-2809.1935105174825	8.252501474162441
7656000	-2801.384584203244	6892.0	-2809.601984060879	8.217399857635547
7657000	-2804.4821926058494	6893.0	-2810.7860346932202	6.303842087370654
7658000	-2802.0848506885272	6894.0	-2809.310836684384	7.225985995856808
7659000	-2801.9905504504977	6894.0	-2810.134832619249	8.144282168751658
7660000	-2803.4806244207416	6895.0	-2810.8394418390067	7.358817418264995
7661000	-2801.205918542303	6896.0	-2809.2547839969966	8.04886545469363
7662000	-2800.893355241163	6897.0	-2808.7431371872535	7.849781946090512
7663000	-2803.376392804475	6898.0	-2811.687559865846	8.311167061370986
7664000	-2803.6416540011837	6899.0	-2812.610083212609	8.968429211425349
7665000	-2801.7344183645932	6900.0	-2810.2602234731694	8.525805108576325
7666000	-2805.148815168642	6901.0	-2813.323975738574	8.175160569931947
7667000	-2803.6283276138356	6902.0	-2811.7684405471996	8.140112933364012
7668000	-2801.2417304723026	6903.0	-2809.9064667250937	8.66473625279093
7669000	-2801.0842564226164	6903.0	-2809.0567397536124	7.972483330996149
7670000	-2804.8452735808587	6904.0	-2812.205456285767	7.360182704908444
7671000	-2805.2774481109345	6905.0	-2812.2563245126425	6.978876401708167
7672000	-2801.2626236306305	6906.0	-2809.695765774295	8.433142143664622
7673000	-2800.504388691185	6907.0	-2808.620827949758	8.116439258573255
7674000	-2801.39676230002	6908.0	-2809.518685532722	8.121923232701914
7675000	-2802.4612075557143	6909.0	-2809.243971025975	6.7827634702605675
7676000	-2803.929880430117	6910.0	-2812.36813055797	8.438250127852804
7677000	-2806.0325307808002	6911.0	-2811.4050503263775	5.372519545577285
7678000	-2806.324227123529	6912.0	-2813.0851862246036	6.760959101074569
7679000	-2803.9252331105104	6912.0	-2811.7723865165376	7.847153406027321
7680000	-2800.741207688086	6913.0	-2809.091863122857	8.350655434770802
7681000	-2800.3174816324217	6914.0	-2808.6630327160733	8.34555108365178
7682000	-2805.108932040592	6915.0	-2811.2238327284813	6.114900687889072
7683000	-2803.520405102562	6916.0	-2809.4355276185265	5.91512251596437
7684000	-2801.1273162515295	6917.0	-2809.6729005023685	8.545584250839244
7685000	-2800.8699256895816	6918.0	-2809.092298417474	8.222372727892374
7686000	-2803.826291063318	6919.0	-2812.3401682046115	8.513877141293683
7687000	-2804.0076711812108	6920.0	-2812.1657262908916	8.1580551096807
7688000	-2803.906207845798	6921.0	-2812.5013007290527	8.595092883254901
7689000	-2804.5047760713005	6921.0	-2811.5332049001363	7.028428828835965
7690000	-2805.0097671375843	6922.0	-2811.9637320910397	6.953964953455244
7691000	-2803.3996340633303	6923.0	-2811.2409808139782	7.841346750647889
7692000	-2803.0333871356706	6924.0	-2811.0517132870887	8.018326151417984
7693000	-2801.474005768131	6925.0	-2809.885357904855	8.411352136723835
7694000	-2800.839370925803	6926.0	-2809.0472769486814	8.207906022878246
7695000	-2804.144196797567	6927.0	-2812.0317756868058	7.887578889238599
7696000	-2802.6400716047197	6928.0	-2811.6895421002396	9.049470495519886
7697000	-2804.6958881190194	6929.0	-2812.3040426886923	7.608154569672787
7698000	-2803.5999395240196	6930.0	-2809.81850250034	6.218562976320298
7699000	-2800.822458838801	6930.0	-2808.8562206043594	8.033761765558074
7700000	-2803.474104829462	6931.0	-2811.4889599785815	8.014855149119938
7701000	-2806.6717748793476	6932.0	-2812.9722293412983	6.300454461950785
7702000	-2802.736270700228	6933.0	-2810.654050196992	7.917779496763995
7703000	-2802.9175647153374	6934.0	-2810.640823398083	7.723258682745352
7704000	-2802.9244712349046	6935.0	-2811.553545413749	8.6290741788443
7705000	-2803.039408140402	6936.0	-2808.99011348806	5.950705347657976
7706000	-2802.475951152844	6937.0	-2810.4698346027244	7.993883449880419
7707000	-2803.2685210377567	6938.0	-2812.00723228642	8.738711248663058
7708000	-2807.6054275243323	6939.0	-2815.5698148941233	7.964387369790965
7709000	-2804.5383725933148	6939.0	-2812.213383268679	7.675010675364312
7710000	-2801.127651617482	6940.0	-2809.138230040054	8.010578422572092
7711000	-2801.4926032648827	6941.0	-2809.3161759018863	7.823572637003653
7712000	-2801.93834535122	6942.0	-2809.140055234717	7.201709883496957
7713000	-2804.7515864155025	6943.0	-2809.336918034975	4.585331619472425
7714000	-2800.3204928183036	6944.0	-2808.833955211364	8.51346239306046
7715000	-2801.5754552297203	6945.0	-2809.7617125312245	8.186257301504305
7716000	-2803.3326443681685	6946.0	-2810.4499970596503	7.117352691481573
7717000	-2807.9035771732456	6947.0	-2815.637070533575	7.733493360329304
7718000	-2802.6721354067427	6948.0	-2810.085584825758	7.413449419015309
7719000	-2801.968559917562	6948.0	-2810.6263146566193	8.657754739057292
7720000	-2804.827776816814	6949.0	-2810.086798371454	5.259021554639904
7721000	-2800.8984667159584	6950.0	-2809.118502024623	8.220035308664798
7722000	-2803.094812374561	6951.0	-2810.8625859832614	7.7677736087000895
7723000	-2801.36816399982	6952.0	-2809.9978712647408	8.62970726492101
7724000	-2802.152742980192	6953.0	-2810.299435729531	8.146692749338827
7725000	-2806.7693513437684	6954.0	-2810.2702258057325	3.5008744619639955
7726000	-2802.1621683199587	6955.0	-2810.5525740318994	8.390405711940595
7727000	-2802.1667515631457	6956.0	-2810.2183219023077	8.05157033916203
7728000	-2804.2582049882994	6957.0	-2811.3959499817906	7.137744993491223
7729000	-2801.301412319523	6957.0	-2809.2256842106003	7.924271891077159
7730000	-2801.81747545494	6958.0	-2809.7401371502406	7.92266169530063
7731000	-2801.3777964104524	6959.0	-2809.3752348815015	7.997438471049079
7732000	-2802.5756184259644	6960.0	-2810.1528087530332	7.577190327068663
7733000	-2803.393933185237	6961.0	-2810.6312523129436	7.237319127706668
7734000	-2805.4788033908176	6962.0	-2812.1137558794444	6.634952488626713
7735000	-2802.272368774281	6963.0	-2809.5870857018135	7.314716927532523
7736000	-2802.2647307496336	6964.0	-2810.6649319220464	8.400201172412645
7737000	-2802.2335294694385	6965.0	-2810.3655268341895	8.131997364751026
7738000	-2804.961265788536	6966.0	-2811.5310987531375	6.569832964601565
7739000	-2801.3717298822594	6966.0	-2809.49053988773	8.118810005470596
7740000	-2805.821939414085	6967.0	-2809.282591216597	3.460651802512256
7741000	-2801.913229658197	6968.0	-2810.4369530390395	8.523723380842657
7742000	-2802.593339533771	6969.0	-2810.837039775528	8.243700241756848
7743000	-2804.7047368086983	6970.0	-2812.4394099757396	7.734673167041296
7744000	-2802.9791850665174	6971.0	-2811.1169511573194	8.137766090802053
7745000	-2801.533517955444	6972.0	-2809.6695856766464	8.13606772120224
7746000	-2804.0815821910232	6973.0	-2811.081743181949	7.00016099092609
7747000	-2801.28028598183	6974.0	-2809.764968460725	8.484682478895094
7748000	-2802.6554239685884	6975.0	-2809.0689025508373	6.413478582248892
7749000	-2802.2029928587804	6975.0	-2810.171235241471	7.96824238269072
7750000	-2802.472870208813	6976.0	-2810.794996102094	8.322125893280894
7751000	-2801.721137550642	6977.0	-2809.896715045476	8.175577494833927
7752000	-2802.2622206671194	6978.0	-2810.306173551383	8.04395288426344
7753000	-2801.8143695326876	6979.0	-2810.3107098951623	8.496340362474662
7754000	-2802.090018360987	6980.0	-2810.1854798832715	8.095461522284543
7755000	-2802.0011204647903	6981.0	-2809.8813518268034	7.880231362013268
7756000	-2802.892743167923	6982.0	-2810.9867286851336	8.093985517210697
7757000	-2805.517906657637	6983.0	-2811.1683141184785	5.650407460841656
7758000	-2804.0494884658733	6984.0	-2811.8507931003383	7.801304634464929
7759000	-2801.844490332278	6984.0	-2810.3657636210296	8.521273288751601
7760000	-2801.442125569297	6985.0	-2809.6368353538987	8.194709784601688
7761000	-2804.0684669955967	6986.0	-2810.659285018038	6.5908180224413675
7762000	-2803.2283403913593	6987.0	-2810.812905933337	7.584565541977502
7763000	-2803.7518386326024	6988.0	-2811.7643013703314	8.01246273772907
7764000	-2802.768553592208	6989.0	-2810.4738655025276	7.70531191031997
7765000	-2806.826548894498	6990.0	-2815.146002731373	8.319453836874644
7766000	-2808.875438226623	6991.0	-2817.7271714098856	8.851733183262482
7767000	-2802.6033803212167	6992.0	-2810.44862540021	7.845245078993058
7768000	-2803.7682419935613	6993.0	-2811.969360561758	8.201118568196936
7769000	-2801.876162376311	6993.0	-2809.8154214303368	7.939259054025484
7770000	-2803.3929626777326	6994.0	-2810.3258474549343	6.932884777201592
7771000	-2806.114186463953	6995.0	-2814.0938648834313	7.979678419478117
7772000	-2803.394740662628	6996.0	-2811.533360807023	8.13862014439509
7773000	-2806.7141336852364	6997.0	-2814.7913480273764	8.077214342140223
7774000	-2801.157093532068	6998.0	-2809.83081463041	8.673721098342138
7775000	-2805.3672246813285	6999.0	-2813.1708346530986	7.803609971770203
7776000	-2806.961548888696	7000.0	-2815.3912612001923	8.429712311496049
7777000	-2802.275168408752	7001.0	-2810.577320206179	8.302151797427292
7778000	-2804.0793628350375	7002.0	-2812.555421717763	8.476058882725201
7779000	-2801.2433356323036	7002.0	-2809.391595057286	8.148259424982594
7780000	-2804.0415610352093	7003.0	-2811.6255185637137	7.583957528504626
7781000	-2802.3861914088907	7004.0	-2810.8365826474874	8.450391238596843
7782000	-2802.839283422542	7005.0	-2810.4547810332992	7.6154976107572185
7783000	-2802.470294967781	7006.0	-2810.0118994117684	7.541604443987734
7784000	-2801.502334177713	7007.0	-2809.6622464956927	8.159912317979868
7785000	-2801.1550944355436	7008.0	-2808.4438431819785	7.288748746435134
7786000	-2800.917628345901	7009.0	-2809.5899381985614	8.672309852660241
7787000	-2806.8245224877937	7010.0	-2813.7806114039327	6.956088916139051
7788000	-2803.6171611833174	7011.0	-2812.129565339424	8.51240415610673
7789000	-2801.50967865453	7011.0	-2810.1621945121205	8.65251585759049
7790000	-2800.6821312993548	7012.0	-2808.4764899989527	7.794358699598169
7791000	-2801.4743442378963	7013.0	-2808.823390994964	7.3490467570678195
7792000	-2801.459532218197	7014.0	-2809.650805872846	8.191273654648885
7793000	-2800.5297950343297	7015.0	-2808.629690094725	8.099895060395442
7794000	-2800.509235870727	7016.0	-2809.149596322528	8.64036045180108
7795000	-2801.837929883388	7017.0	-2809.8634024912512	8.025472607863197
7796000	-2801.3296998848923	7018.0	-2809.4298332731923	8.100133388300193
7797000	-2802.1748677832306	7019.0	-2811.1006208441777	8.925753060946874
7798000	-2803.6759145712103	7020.0	-2810.4036711147046	6.727756543494422
7799000	-2802.25724846432	7020.0	-2810.445489403636	8.188240939316191
7800000	-2802.629437451441	7021.0	-2810.9428327248893	8.313395273448368
7801000	-2803.8696075416	7022.0	-2811.5653190361427	7.69571149454247
7802000	-2801.478750277476	7023.0	-2809.486175095616	8.007424818139729
7803000	-2805.15663089428	7024.0	-2811.645519467215	6.488888572934496
7804000	-2803.3572780789914	7025.0	-2811.3584189655703	8.001140886578813
7805000	-2801.2114138462935	7026.0	-2809.2972878577725	8.085874011478907
7806000	-2804.060010691027	7027.0	-2812.3993184931996	8.339307802172508
7807000	-2800.58554234851	7028.0	-2808.551181899876	7.965639551365999
7808000	-2803.764950199987	7029.0	-2810.8042511800954	7.039300980108259
7809000	-2800.388011981288	7029.0	-2808.6507875792704	8.262775597982461
7810000	-2804.6996129828344	7030.0	-2811.640329939447	6.940716956612366
7811000	-2803.2609634694377	7031.0	-2811.5208473802713	8.259883910833711
7812000	-2802.9244427623876	7032.0	-2811.097508844569	8.173066082181261
7813000	-2803.962946267282	7033.0	-2812.6299275598203	8.666981292538471
7814000	-2804.114485065296	7034.0	-2811.5162372546447	7.401752189348797
7815000	-2802.058517540965	7035.0	-2810.127412013606	8.068894472640528
7816000	-2804.394954535112	7036.0	-2812.21304585335	7.818091318238237
7817000	-2803.0636458146532	7037.0	-2811.4701028609893	8.406457046336245
7818000	-2800.6328293740116	7038.0	-2809.105331121124	8.47250174711246
7819000	-2807.502655599262	7038.0	-2814.9378664179553	7.43521081869296
7820000	-2801.183526130836	7039.0	-2809.83719358697	8.653667456133995
7821000	-2801.218701643733	7040.0	-2808.8754397884577	7.656738144724723
7822000	-2800.816139108222	7041.0	-2809.072473401658	8.256334293435826
7823000	-2802.984521200534	7042.0	-2811.0395744911993	8.05505329066546
7824000	-2804.213406595087	7043.0	-2812.3325589420037	8.11915234691707
7825000	-2803.6510813588957	7044.0	-2810.132252114332	6.48117075543616
7826000	-2801.8470793684232	7045.0	-2808.7340675906325	6.886988222209396
7827000	-2804.611956206462	7046.0	-2812.70263221568	8.09067600921815
7828000	-2803.5980224492732	7047.0	-2811.270766631167	7.672744181893731
7829000	-2802.677727843704	7047.0	-2811.4628851077823	8.785157264078496
7830000	-2802.993707836498	7048.0	-2811.484235190551	8.490527354053077
7831000	-2801.6759380093267	7049.0	-2809.9428190891413	8.266881079814452
7832000	-2801.408514778387	7050.0	-2809.259689043453	7.851174265065963
7833000	-2802.38646447585	7051.0	-2810.103441061111	7.716976585260699
7834000	-2802.4672996389463	7052.0	-2810.7153567633313	8.24805712438515
7835000	-2803.700977234667	7053.0	-2811.0608343208055	7.359857086138766
7836000	-2802.7154505783797	7054.0	-2810.8839405255976	8.168489947218127
7837000	-2802.657284885805	7055.0	-2810.853124198076	8.195839312271026
7838000	-2802.748420461328	7056.0	-2811.146582111353	8.398161650024893
7839000	-2806.4923494110258	7056.0	-2812.3274918023235	5.835142391297589
7840000	-2800.70822087054	7057.0	-2808.8956032131546	8.187382342614438
7841000	-2800.9305847972983	7058.0	-2809.3145512540846	8.383966456786128
7842000	-2802.720852407121	7059.0	-2810.397711811917	7.676859404795889
7843000	-2801.204737117791	7060.0	-2809.4321894254444	8.227452307653518
7844000	-2804.7289345365434	7061.0	-2812.9098362026207	8.180901666077213
7845000	-2801.5141878763316	7062.0	-2809.4564820359506	7.942294159619148
7846000	-2802.5900008004915	7063.0	-2810.5972593716897	8.007258571198292
7847000	-2803.3155582163918	7064.0	-2811.681265535215	8.365707318823466
7848000	-2804.6042520097644	7065.0	-2812.350346129059	7.746094119294281
7849000	-2803.0638210546354	7065.0	-2811.9009466028942	8.837125548258795
7850000	-2804.240624902025	7066.0	-2811.8171381860357	7.576513284010803
7851000	-2802.925532242439	7067.0	-2810.664656677514	7.739124435074881
7852000	-2803.221790519095	7068.0	-2810.62763780727	7.40584728817473
7853000	-2803.8324663343014	7069.0	-2812.0627613062434	8.230294971941724
7854000	-2804.1182077634153	7070.0	-2813.097081330674	8.978873567258844
7855000	-2802.7703989566267	7071.0	-2811.2160124143256	8.445613457698848
7856000	-2802.1711537084248	7072.0	-2810.4048956572897	8.233741948864807
7857000	-2801.1674711294886	7073.0	-2808.948783706493	7.781312577004442
7858000	-2802.1652972232173	7074.0	-2810.3770831548995	8.211785931682133
7859000	-2800.704140774287	7074.0	-2808.946235939128	8.242095164841132
7860000	-2800.8978153776334	7075.0	-2809.072113765993	8.174298388359727
7861000	-2805.597824865362	7076.0	-2812.8245555797857	7.2267307144240815
7862000	-2803.900991523976	7077.0	-2810.2019337689167	6.3009422449406465
7863000	-2802.7472053007014	7078.0	-2811.297176875219	8.549971574517802
7864000	-2803.3094830813284	7079.0	-2809.956259961636	6.646776880307859
7865000	-2806.071244792666	7080.0	-2814.3953721697812	8.324127377114811
7866000	-2800.007525808038	7081.0	-2808.3332593599293	8.325733551891451
7867000	-2800.9970574135623	7082.0	-2809.5482054827016	8.551148069139419
7868000	-2801.392561243344	7083.0	-2809.4118515694568	8.019290326112506
7869000	-2805.115022054608	7083.0	-2813.2750166658543	8.159994611246375
7870000	-2801.5682303780823	7084.0	-2809.921763949632	8.353533571549608
7871000	-2802.7866831948063	7085.0	-2809.675567671922	6.888884477115842
7872000	-2802.5269469165264	7086.0	-2810.7171784830666	8.190231566539996
7873000	-2800.776146731618	7087.0	-2808.905979859178	8.129833127559838
7874000	-2801.1577250335213	7088.0	-2809.9016760732293	8.74395103970793
7875000	-2802.3314134050543	7089.0	-2810.6053386847184	8.273925279664347
7876000	-2803.253195643355	7090.0	-2810.9668940217553	7.713698378400283
7877000	-2808.5798602900445	7091.0	-2815.5122322338802	6.932371943835914
7878000	-2803.086671797448	7092.0	-2811.494736789167	8.408064991718803
7879000	-2805.3679000851266	7092.0	-2813.51245582065	8.144555735523396
7880000	-2802.853298646004	7093.0	-2810.563101608619	7.70980296261491
7881000	-2803.0711600632717	7094.0	-2810.039482261119	6.968322197847118
7882000	-2803.259269001444	7095.0	-2812.168406937338	8.909137935894268
7883000	-2803.7314023954264	7096.0	-2811.012346856508	7.280944461081619
7884000	-2803.2865485513494	7097.0	-2810.335529673011	7.048981121661656
7885000	-2809.619253067603	7098.0	-2817.6941716260844	8.074918558481423
7886000	-2801.826432399316	7099.0	-2809.6681849792253	7.841752579909302
7887000	-2803.2077857885984	7100.0	-2810.9680562523313	7.760270463732764
7888000	-2801.2865541881542	7101.0	-2809.7951491366975	8.508594948543347
7889000	-2802.0438747019602	7101.0	-2810.2302879493895	8.18641324742914
7890000	-2803.360527694319	7102.0	-2811.342677424139	7.982149729820005
7891000	-2802.140914165858	7103.0	-2810.0402725530735	7.899358387215786
7892000	-2804.6205056589	7104.0	-2809.4331055170474	4.812599858147107
7893000	-2802.008685615821	7105.0	-2810.3197955853616	8.311109969540883
7894000	-2802.512506813966	7106.0	-2809.8110320693945	7.29852525542875
7895000	-2800.9038321948037	7107.0	-2808.7412920389124	7.837459844108787
7896000	-2800.93697741656	7108.0	-2809.1788672309376	8.241889814377778
7897000	-2803.8589514388345	7109.0	-2812.317631568476	8.458680129641504
7898000	-2804.075324528143	7110.0	-2811.886093390757	7.810768862614209
7899000	-2801.2254414241893	7110.0	-2809.2315614192344	8.006119995045232
7900000	-2802.2437930958376	7111.0	-2810.9640891199824	8.720296024144702
7901000	-2801.8061841266767	7112.0	-2809.4927714912005	7.686587364523877
7902000	-2802.114428441569	7113.0	-2810.0908583567693	7.976429915200389
7903000	-2803.7910780385537	7114.0	-2810.133043232534	6.341965193980254
7904000	-2803.208953292265	7115.0	-2811.2410514771896	8.032098184924525
7905000	-2802.0712179407947	7116.0	-2810.5400989728564	8.468881032061663
7906000	-2802.7076779972144	7117.0	-2810.6032689794115	7.895590982197078
7907000	-2800.5656056562643	7118.0	-2809.001225919718	8.43562026345333
7908000	-2801.3152632386445	7119.0	-2809.241253780601	7.92599054195618
7909000	-2802.3016812971587	7119.0	-2810.6260590327624	8.324377735603996
7910000	-2809.5647530435886	7120.0	-2811.994254685478	2.429501641889523
7911000	-2802.1257986694086	7121.0	-2810.601773930734	8.475975261325583
7912000	-2801.5609929764346	7122.0	-2809.268252652883	7.707259676448397
7913000	-2802.293848993719	7123.0	-2810.390600955395	8.096751961675464
7914000	-2807.097156470753	7124.0	-2815.1271968171304	8.030040346377298
7915000	-2801.3934332196573	7125.0	-2809.8837414582986	8.490308238641227
7916000	-2803.027447815632	7126.0	-2811.582948950353	8.555501134721126
7917000	-2803.992242534457	7127.0	-2811.2049908347003	7.212748300243367
7918000	-2804.233475706287	7128.0	-2811.521685664176	7.288209957888542
7919000	-2801.8537783178613	7128.0	-2810.310528432452	8.45675011459051
7920000	-2805.6689147493043	7129.0	-2813.3074210672544	7.638506317950171
7921000	-2800.7291508835497	7130.0	-2808.786622821197	8.057471937647168
7922000	-2803.328708045187	7131.0	-2809.9019477141333	6.573239668946474
7923000	-2806.2952084049675	7132.0	-2812.950909754894	6.655701349926348
7924000	-2806.783064328086	7133.0	-2814.7530259986	7.969961670514469
7925000	-2805.2987989095486	7134.0	-2812.5201382180862	7.221339308537702
7926000	-2801.2318155412618	7135.0	-2809.209438875366	7.977623334104212
7927000	-2800.404082229144	7136.0	-2808.7296402519128	8.325558022768668
7928000	-2801.3537972823397	7137.0	-2808.5666043684223	7.212807086082663
7929000	-2801.8707861198673	7137.0	-2810.3494329796117	8.478646859744645
7930000	-2802.255046692947	7138.0	-2809.9313089435914	7.67626225064453
7931000	-2802.98506267822	7139.0	-2810.2318314253057	7.246768747085714
7932000	-2805.3671554734156	7140.0	-2812.681944477414	7.314789003998412
7933000	-2801.095393925755	7141.0	-2808.9141539021402	7.8187599763852385
7934000	-2807.1766369747766	7142.0	-2815.6196613280895	8.443024353313053
7935000	-2805.202730745821	7143.0	-2813.268987850587	8.06625710476589
7936000	-2803.2075469558713	7144.0	-2812.104943838306	8.897396882434812
7937000	-2802.3109570590477	7145.0	-2810.625608706113	8.314651647065048
7938000	-2804.8768550594355	7146.0	-2812.857211175385	7.980356115949518
7939000	-2800.717125517935	7146.0	-2809.109483670664	8.392358152728747
7940000	-2801.445352351038	7147.0	-2809.0848039706493	7.639451619611264
7941000	-2804.6108095978657	7148.0	-2810.612690688776	6.001881090910363
7942000	-2803.6604488618354	7149.0	-2811.248022053749	7.587573191913842
7943000	-2800.5540006126357	7150.0	-2808.763429813783	8.209429201147422
7944000	-2804.4897206889113	7151.0	-2812.8340125949644	8.344291906053144
7945000	-2802.9894136815365	7152.0	-2810.2536884966903	7.26427481515382
7946000	-2800.7676144024895	7153.0	-2808.9739131753636	8.20629877287397
7947000	-2801.526701289963	7154.0	-2809.943604497285	8.416903207321937
7948000	-2802.4906942025295	7155.0	-2811.3471300447063	8.856435842176818
7949000	-2804.812611133541	7155.0	-2812.576090431563	7.763479298021977
7950000	-2800.692780315626	7156.0	-2809.3159686286476	8.623188313021839
7951000	-2800.6233070798457	7157.0	-2809.101589453359	8.478282373513178
7952000	-2804.3770695078265	7158.0	-2811.560263229932	7.183193722105509
7953000	-2801.9599401420487	7159.0	-2810.544398695857	8.584458553808396
7954000	-2802.894863393222	7160.0	-2811.460850581949	8.565987188727274
7955000	-2801.86228177832	7161.0	-2810.7158255238514	8.85354374553168
7956000	-2802.849188071383	7162.0	-2811.4333515500434	8.584163478660333
7957000	-2802.612645980867	7163.0	-2811.003609613934	8.39096363306674
7958000	-2804.2746187270445	7164.0	-2812.168353976814	7.893735249769533
7959000	-2800.8930795345364	7164.0	-2809.3725959903454	8.479516455809065
7960000	-2804.811323034225	7165.0	-2813.1323346299987	8.321011595773825
7961000	-2802.454812052283	7166.0	-2810.3988171979117	7.944005145628518
7962000	-2802.030595597571	7167.0	-2810.2700265819626	8.23943098439157
7963000	-2804.4310565724554	7168.0	-2813.193912672941	8.762856100485843
7964000	-2802.3645030119633	7169.0	-2810.7501119829344	8.38560897097097
7965000	-2803.7670063700157	7170.0	-2812.5215420889504	8.754535718934603
7966000	-2802.511630051915	7171.0	-2809.9938027663893	7.482172714474675
7967000	-2805.512288340044	7172.0	-2814.210448621708	8.698160281664052
7968000	-2803.5229861631833	7173.0	-2810.9221909269354	7.399204763752259
7969000	-2804.6603386162997	7173.0	-2809.673711691405	5.013373075105511
7970000	-2803.0134877053324	7174.0	-2810.004831430809	6.991343725476895
7971000	-2800.173011566499	7175.0	-2808.686953010103	8.513941443603809
7972000	-2801.884447120474	7176.0	-2810.1256919947805	8.241244874306535
7973000	-2804.6858724812205	7177.0	-2812.115702918963	7.429830437742589
7974000	-2801.234066133318	7178.0	-2809.3468484846517	8.112782351333639
7975000	-2802.696723910773	7179.0	-2810.8228933643804	8.126169453607464
7976000	-2801.7648477799607	7180.0	-2810.0610148653977	8.296167085436917
7977000	-2800.8971058476636	7181.0	-2808.95704189344	8.059936045776357
7978000	-2806.5277170357454	7182.0	-2815.5293138321726	9.001596796427279
7979000	-2802.6178514899134	7182.0	-2810.6343276156476	8.016476125734405
7980000	-2800.3015982390248	7183.0	-2808.4640817522204	8.162483513195465
7981000	-2802.6350441530944	7184.0	-2810.88626286999	8.251218716895355
7982000	-2801.8294780296005	7185.0	-2809.711558407065	7.882080377464277
7983000	-2804.706688009814	7186.0	-2810.5609530631564	5.854265053342397
7984000	-2800.710293718562	7187.0	-2809.248618467781	8.538324749219031
7985000	-2803.776526543734	7188.0	-2811.98582986304	8.209303319306498
7986000	-2804.141456787133	7189.0	-2812.1955714869846	8.05411469985153
7987000	-2801.3460909239548	7190.0	-2809.6096341785205	8.263543254565864
7988000	-2802.777908778851	7191.0	-2809.371246937587	6.593338158736085
7989000	-2802.4132867970225	7191.0	-2810.3959759096037	7.982689112581442
7990000	-2804.3275857068484	7192.0	-2812.3662333606994	8.03864765385109
7991000	-2803.9682050088068	7193.0	-2811.8388883626435	7.870683353836576
7992000	-2803.012175448293	7194.0	-2811.861143133463	8.848967685169944
7993000	-2805.4986607591454	7195.0	-2812.2396957610176	6.741035001872215
7994000	-2802.824445711596	7196.0	-2811.1095967881756	8.285151076579671
7995000	-2803.0676112545875	7197.0	-2810.1633345476616	7.095723293073977
7996000	-2801.678463358862	7198.0	-2809.743509340177	8.065045981315276
7997000	-2804.296078896923	7199.0	-2812.7913630231033	8.495284126180131
7998000	-2801.7787025158195	7200.0	-2809.552588728453	7.773886212633427
7999000	-2802.9310127508456	7200.0	-2811.0843721472543	8.153359396408723
8000000	-2801.5573482094896	7201.0	-2809.4766518027272	7.919303593237466
8001000	-2804.1499671198158	7202.0	-2812.708542351889	8.558575232073002
8002000	-2803.195618033948	7203.0	-2809.758322916901	6.562704882952698
8003000	-2804.4434281584727	7204.0	-2812.200176492876	7.756748334403344
8004000	-2801.534991376025	7205.0	-2809.6714254181616	8.136434042136633
8005000	-2803.7891677049915	7206.0	-2810.7441299086217	6.954962203630284
8006000	-2805.6491664311193	7207.0	-2814.4700478513187	8.820881420199303
8007000	-2804.9668394697287	7208.0	-2811.2254974415	6.258657971771488
8008000	-2804.5502875884135	7209.0	-2812.770746645721	8.220459057307387
8009000	-2802.660572426622	7209.0	-2811.244372733664	8.583800307042
8010000	-2803.6452947525368	7210.0	-2811.616935986838	7.971641234301185
8011000	-2803.2537679451384	7211.0	-2811.6936292201676	8.439861275029207
8012000	-2801.5798847254696	7212.0	-2809.483853164166	7.903968438696248
8013000	-2801.416985514269	7213.0	-2809.514229579927	8.097244065657938
8014000	-2802.0816920021643	7214.0	-2810.6916099292293	8.609917927064775
8015000	-2802.4785465855166	7215.0	-2810.413708487887	7.935161902370439
8016000	-2802.6723369092297	7216.0	-2810.787320961405	8.114984052175455
8017000	-2803.7661408639838	7217.0	-2811.3389926525724	7.572851788588663
8018000	-2806.512507718313	7218.0	-2814.1405742617753	7.628066543462251
8019000	-2802.3553233934954	7218.0	-2809.7627089626376	7.407385569142387
8020000	-2801.7618487685754	7219.0	-2810.0106098372266	8.248761068651183
8021000	-2805.3326148442698	7220.0	-2812.538737106582	7.206122262312365
8022000	-2801.658392562838	7221.0	-2810.151755516814	8.49336295397607
8023000	-2801.5097807863162	7222.0	-2809.9892677722105	8.47948698589416
8024000	-2802.7953910239116	7223.0	-2811.5569015405335	8.761510516622108
8025000	-2804.3950329376494	7224.0	-2812.024105438337	7.629072500687468
8026000	-2800.196984000707	7225.0	-2808.5568793209895	8.359895320282797
8027000	-2802.5355678724445	7226.0	-2810.526258876228	7.9906910037833665
8028000	-2801.1806987613295	7227.0	-2809.1818794155456	8.001180654216085
8029000	-2803.3424129908526	7227.0	-2811.1123220524596	7.769909061607074
8030000	-2807.0163951401355	7228.0	-2815.019059430282	8.002664290146441
8031000	-2802.2213850097087	7229.0	-2809.4157524960674	7.19436748635867
8032000	-2806.338031295074	7230.0	-2812.697470607417	6.359439312342925
8033000	-2803.6049226878836	7231.0	-2811.1519926960527	7.547070008169379
8034000	-2803.896001970517	7232.0	-2811.967296516238	8.07129454572138
8035000	-2803.2832059665243	7233.0	-2809.697024341984	6.413818375459885
8036000	-2804.4011900595206	7234.0	-2812.464021342562	8.062831283041271
8037000	-2802.7428781009294	7235.0	-2810.230162451904	7.487284350974928
8038000	-2801.208048996261	7236.0	-2809.467849201406	8.259800205145202
8039000	-2801.1497457238565	7236.0	-2809.834579836979	8.684834113122758
8040000	-2801.707522607833	7237.0	-2809.306212855553	7.59869024771983
8041000	-2802.1153596443673	7238.0	-2810.4147020041482	8.299342359780738
8042000	-2802.3391117876376	7239.0	-2809.1906152622955	6.851503474658061
8043000	-2804.3267505833455	7240.0	-2812.507533090513	8.180782507167422
8044000	-2804.2704437017887	7241.0	-2812.293479999313	8.023036297524534
8045000	-2800.8367260141317	7242.0	-2808.6912025996503	7.854476585518748
8046000	-2802.4901692951926	7243.0	-2810.639725711285	8.14955641609247
8047000	-2804.3220246021638	7244.0	-2811.7961786249916	7.474154022827813
8048000	-2802.3981441076535	7245.0	-2810.6823987526413	8.28425464498794
8049000	-2801.7248591105836	7245.0	-2810.0661290214193	8.341269910835884
8050000	-2801.4243898139107	7246.0	-2809.6961727762255	8.27178296231489
8051000	-2802.5530196660447	7247.0	-2810.5436653606926	7.990645694647723
8052000	-2801.4004634520666	7248.0	-2808.59713146431	7.19666801224361
8053000	-2803.759742271837	7249.0	-2810.7184266764984	6.958684404661679
8054000	-2800.6736020065896	7250.0	-2808.847523237726	8.173921231136433
8055000	-2802.5686329368004	7251.0	-2810.613052289084	8.044419352283562
8056000	-2801.8555745720187	7252.0	-2810.6650071699287	8.809432597909861
8057000	-2801.087748981865	7253.0	-2809.148596384829	8.060847402963915
8058000	-2801.1850296717103	7254.0	-2809.50921351578	8.324183844069939
8059000	-2806.6299106778965	7254.0	-2814.4415788306114	7.811668152715127
8060000	-2800.7598723525152	7255.0	-2808.877883949079	8.118011596564072
8061000	-2802.1690467325475	7256.0	-2809.593059767032	7.424013034484639
8062000	-2803.4097616244367	7257.0	-2809.0233887531053	5.613627128668494
8063000	-2804.508554748542	7258.0	-2812.9817599986086	8.47320525006657
8064000	-2800.9877032817853	7259.0	-2809.263480190393	8.275776908607305
8065000	-2805.341445897104	7260.0	-2814.187802495543	8.846356598438907
8066000	-2801.153073973464	7261.0	-2809.167855210718	8.014781237253732
8067000	-2805.7602588685254	7262.0	-2813.2963641887827	7.536105320257331
8068000	-2803.77869086561	7263.0	-2811.260730276382	7.482039410772147
8069000	-2800.6076617750728	7263.0	-2808.8745952366967	8.266933461624147
8070000	-2805.4412970805556	7264.0	-2814.5948817841218	9.153584703566137
8071000	-2802.3025226265613	7265.0	-2810.9001048273494	8.597582200788237
8072000	-2801.659945156425	7266.0	-2808.773599484785	7.113654328360163
8073000	-2804.115935169961	7267.0	-2812.271200377456	8.155265207494923
8074000	-2803.9595148447343	7268.0	-2809.339271402188	5.379756557453556
8075000	-2801.7472265889633	7269.0	-2810.1356196970864	8.388393108123374
8076000	-2803.0497732301633	7270.0	-2811.7520977399186	8.70232450975549
8077000	-2800.9987914686844	7271.0	-2809.096556003361	8.097764534676678
8078000	-2801.045481967206	7272.0	-2809.332724218484	8.287242251278476
8079000	-2804.9693150001544	7272.0	-2812.8392402253553	7.869925225201047
8080000	-2802.9085598050638	7273.0	-2810.898722644912	7.9901628398484865
8081000	-2803.427337749033	7274.0	-2810.939941992638	7.512604243605207
8082000	-2800.6865144829135	7275.0	-2809.190028702721	8.503514219807707
8083000	-2803.005998791388	7276.0	-2810.089339211501	7.083340420113023
8084000	-2802.035773740773	7277.0	-2810.19494069164	8.159166950867071
8085000	-2804.7821531627364	7278.0	-2812.217883795128	7.435730632391428
8086000	-2804.3802344725354	7279.0	-2812.2715195013234	7.891285028788
8087000	-2803.9399333490524	7280.0	-2810.5087048606238	6.568771511571622
8088000	-2802.6750342606324	7281.0	-2810.0320054896133	7.356971228981128
8089000	-2806.114198324475	7281.0	-2814.8695825016143	8.755384177138922
8090000	-2803.838525049845	7282.0	-2811.6139023118076	7.775377261962532
8091000	-2802.4102344334115	7283.0	-2809.7055578990826	7.295323465670899
8092000	-2802.7935304213343	7284.0	-2810.9866407974596	8.193110376125457
8093000	-2803.18433270465	7285.0	-2809.1146189031965	5.930286198546458
8094000	-2801.3861976737076	7286.0	-2809.233269088144	7.8470714144362725
8095000	-2801.4727435672025	7287.0	-2809.887305278471	8.414561711268615
8096000	-2800.3773130222194	7288.0	-2808.9164336378117	8.53912061559247
8097000	-2804.505165146864	7289.0	-2813.200408177814	8.695243030950103
8098000	-2802.7028339556177	7290.0	-2810.350483369341	7.647649413723302
8099000	-2805.491006132867	7290.0	-2813.1896406107476	7.698634477880751
8100000	-2802.479826937516	7291.0	-2811.172143680657	8.692316743140797
8101000	-2804.078496772429	7292.0	-2812.543988144501	8.465491372071803
8102000	-2802.007175562983	7293.0	-2809.6579815518526	7.6508059888695845
8103000	-2801.799473666359	7294.0	-2809.081337673859	7.281864007499872
8104000	-2804.596931726644	7295.0	-2812.1880636091705	7.591131882526447
8105000	-2801.441955036144	7296.0	-2809.1839941774106	7.7420391412663925
8106000	-2805.4798354598656	7297.0	-2812.6477281704665	7.167892710600943
8107000	-2802.1075886338986	7298.0	-2809.9728885806335	7.8652999467350195
8108000	-2810.910650984045	7299.0	-2814.218840549661	3.308189565616164
8109000	-2803.2947585282964	7299.0	-2810.4235541673124	7.128795639015863
8110000	-2804.941978353891	7300.0	-2813.3046476003533	8.362669246462449
8111000	-2806.0303970363047	7301.0	-2814.6000310555264	8.56963401922182
8112000	-2806.6321523924976	7302.0	-2814.7715823339336	8.13942994143585
8113000	-2802.8766739991324	7303.0	-2811.1867958847183	8.31012188558593
8114000	-2803.2671345674103	7304.0	-2810.6555440346574	7.388409467247299
8115000	-2803.4447323955296	7305.0	-2811.0376412078867	7.59290881235728
8116000	-2804.8560804141434	7306.0	-2813.0566144345253	8.20053402038172
8117000	-2802.176951801301	7307.0	-2809.9419616290984	7.765009827797136
8118000	-2801.1251720198834	7308.0	-2809.327389052934	8.202217033050822
8119000	-2801.099715464954	7308.0	-2809.064304803371	7.964589338417035
8120000	-2802.6694208223607	7309.0	-2810.5306852545864	7.861264432225773
8121000	-2803.8824512236292	7310.0	-2811.7286739588744	7.846222735245374
8122000	-2804.1418735306274	7311.0	-2811.527912050519	7.386038519891415
8123000	-2802.5874551082456	7312.0	-2811.185511953661	8.598056845414948
8124000	-2803.6861317131156	7313.0	-2811.092846790765	7.406715077649764
8125000	-2805.1151384775294	7314.0	-2812.5640298548774	7.448891377348182
8126000	-2803.481085032739	7315.0	-2811.9117794117974	8.430694379058437
8127000	-2804.764988558625	7316.0	-2813.5712288966774	8.806240338052271
8128000	-2801.941208066558	7317.0	-2809.91830395696	7.977095890401742
8129000	-2804.5189656615294	7317.0	-2811.9465729341723	7.4276072726431455
8130000	-2803.4379989216786	7318.0	-2811.179407664453	7.741408742774377
8131000	-2805.878342960266	7319.0	-2813.617098243338	7.738755283072541
8132000	-2801.5580941007183	7320.0	-2809.381015336868	7.822921236149908
8133000	-2800.2142776859287	7321.0	-2808.60834745145	8.394069765521195
8134000	-2801.9481278789035	7322.0	-2809.655200485764	7.707072606860634
8135000	-2801.430255339833	7323.0	-2810.1021761804445	8.671920840611566
8136000	-2802.6710234157554	7324.0	-2810.6567632047745	7.985739789019274
8137000	-2802.786320125468	7325.0	-2810.5452834062553	7.7589632807872135
8138000	-2803.322254203139	7326.0	-2810.6449506076433	7.322696404504501
8139000	-2801.976139861058	7326.0	-2809.9461122852686	7.969972424210573
8140000	-2802.479181865045	7327.0	-2810.161055024408	7.681873159362881
8141000	-2802.335370367531	7328.0	-2810.024879395699	7.689509028167909
8142000	-2802.540414236221	7329.0	-2808.7815727812094	6.24115854498876
8143000	-2805.4300584160965	7330.0	-2810.977416257189	5.547357841092266
8144000	-2803.0743719313027	7331.0	-2810.457092437984	7.382720506681434
8145000	-2803.0305056946977	7332.0	-2811.8397958580795	8.809290163381574
8146000	-2801.224933932764	7333.0	-2809.4633523915886	8.238418458824384
8147000	-2801.0331743461848	7334.0	-2809.4405804646394	8.407406118454816
8148000	-2803.310673876035	7335.0	-2812.0008296272936	8.690155751258601
8149000	-2803.251080336146	7335.0	-2811.219160510381	7.96808017423464
8150000	-2805.5925332108945	7336.0	-2814.1486234883496	8.556090277454851
8151000	-2801.407704423267	7337.0	-2809.277394130404	7.869689707136878
8152000	-2803.565428187199	7338.0	-2810.7241621928724	7.1587340056735655
8153000	-2802.744626970817	7339.0	-2811.3862238325046	8.641596861687402
8154000	-2801.114651096098	7340.0	-2808.9564855380977	7.841834441999579
8155000	-2804.8760271363376	7341.0	-2813.0157361815845	8.139709045246828
8156000	-2801.5827053074913	7342.0	-2809.1088095591135	7.526104251622165
8157000	-2802.5143345584233	7343.0	-2809.9658363415697	7.451501783146228
8158000	-2801.6248053162108	7344.0	-2809.5754458876927	7.950640571481939
8159000	-2801.3049945531343	7344.0	-2809.229230969792	7.924236416657603
8160000	-2803.1715185876337	7345.0	-2810.955205100591	7.7836865129570985
8161000	-2802.4791055724068	7346.0	-2809.757282050946	7.278176478539251
8162000	-2804.3518974467825	7347.0	-2812.4920889109253	8.14019146414304
8163000	-2804.271718359894	7348.0	-2812.025070803151	7.753352443257078
8164000	-2804.771760979235	7349.0	-2812.8128950737973	8.041134094562526
8165000	-2801.985853130086	7350.0	-2810.3696952382693	8.38384210818324
8166000	-2802.5195558330806	7351.0	-2810.461045726604	7.941489893523185
8167000	-2801.387083308335	7352.0	-2809.502019182106	8.114935873770836
8168000	-2800.072935371879	7353.0	-2808.447034834709	8.374099462830362
8169000	-2802.404839222441	7353.0	-2810.2069725337637	7.802133311322974
8170000	-2802.724682202386	7354.0	-2809.60472352867	6.880041326284176
8171000	-2804.277487339661	7355.0	-2812.2292074189095	7.9517200792484815
8172000	-2804.035493188079	7356.0	-2811.0801073239068	7.044614135827835
8173000	-2807.5834592587835	7357.0	-2812.8955261363676	5.312066877584266
8174000	-2802.441400715342	7358.0	-2810.51869899186	8.077298276518427
8175000	-2803.7217454986326	7359.0	-2811.4049961041655	7.68325060553288
8176000	-2801.7460408836255	7360.0	-2809.705289093514	7.959248209888336
8177000	-2803.929776163836	7361.0	-2810.1432889669477	6.2135128031116995
8178000	-2801.7477719437907	7362.0	-2809.5011341115755	7.753362167785063
8179000	-2800.969008878828	7362.0	-2809.275865077726	8.306856198897849
8180000	-2802.115729999908	7363.0	-2810.0224154575244	7.906685457616305
8181000	-2801.3046791722777	7364.0	-2809.205219391069	7.900540218791315
8182000	-2804.5290467271534	7365.0	-2813.2950997737607	8.766053046607256
8183000	-2802.1473400686086	7366.0	-2809.946291070471	7.798951001862575
8184000	-2802.4439795646254	7367.0	-2810.277462891439	7.833483326813491
8185000	-2804.6565221089318	7368.0	-2812.2538495608806	7.597327451948955
8186000	-2804.7766876801998	7369.0	-2811.683226480015	6.906538799815075
8187000	-2804.2323233272227	7370.0	-2812.1299745108226	7.897651183599932
8188000	-2800.817701796068	7371.0	-2809.0326956185677	8.214993822499762
8189000	-2803.488515750943	7371.0	-2809.177370183414	5.688854432471025
8190000	-2803.476119002988	7372.0	-2811.6992586199503	8.223139616962452
8191000	-2802.5253202240797	7373.0	-2810.7178947895177	8.192574565437827
8192000	-2800.6850636166523	7374.0	-2808.8367813140644	8.151717697412211
8193000	-2804.3483197991864	7375.0	-2811.034850906507	6.686531107320539
8194000	-2800.8355118949953	7376.0	-2808.465243877281	7.629731982285694
8195000	-2801.083090387479	7377.0	-2809.4845224506025	8.401432063123714
8196000	-2800.967190216046	7378.0	-2809.355344219963	8.388154003916915
8197000	-2803.7106546752075	7379.0	-2811.438380161976	7.7277254867687954
8198000	-2809.9770378411217	7380.0	-2810.171259464462	0.19422162334026538
8199000	-2801.501644988258	7380.0	-2809.344064050225	7.842419061967327
8200000	-2802.567986389329	7381.0	-2811.2372206984137	8.669234309084946
8201000	-2805.6222598553786	7382.0	-2813.6605407723705	8.038280916991894
8202000	-2802.629217328061	7383.0	-2810.86918974672	8.239972418659262
8203000	-2803.8185988381097	7384.0	-2811.8047508308873	7.986151992777836
8204000	-2803.769349497967	7385.0	-2812.325098571904	8.55574907393681
8205000	-2802.3882188576054	7386.0	-2810.574422555468	8.186203697862673
8206000	-2803.4497330217737	7387.0	-2810.685388070308	7.235655048534408
8207000	-2802.5582910279954	7388.0	-2810.723730294931	8.165439266935525
8208000	-2803.0121870778335	7389.0	-2811.3679865699623	8.35579949212907
8209000	-2802.816644401163	7389.0	-2810.9126367892673	8.095992388104044
8210000	-2800.7947577307914	7390.0	-2808.920701330971	8.125943600179657
8211000	-2801.3038761356993	7391.0	-2809.2768243606897	7.972948224990406
8212000	-2802.9176768890993	7392.0	-2810.161155030132	7.243478141032386
8213000	-2803.671533412594	7393.0	-2812.0979464999923	8.426413087398615
8214000	-2800.9062565995014	7394.0	-2809.043918299576	8.137661700074768
8215000	-2802.390538561726	7395.0	-2808.728949621655	6.3384110599290455
8216000	-2800.927973082423	7396.0	-2809.3149502019933	8.386977119570334
8217000	-2800.8933158260115	7397.0	-2808.8957645883975	8.002448762385768
8218000	-2803.0546067851083	7398.0	-2811.8187772110296	8.764170425921348
8219000	-2805.5243015891992	7398.0	-2812.537664012098	7.013362422898647
8220000	-2802.6560096797216	7399.0	-2810.5220158323195	7.866006152598046
8221000	-2803.178728381887	7400.0	-2810.5581848650277	7.379456483140712
8222000	-2802.9277628116506	7401.0	-2811.3857479685867	8.457985156936008
8223000	-2803.963901392067	7402.0	-2812.9530819672036	8.989180575136771
8224000	-2804.2389874583814	7403.0	-2812.001020256505	7.762032798123597
8225000	-2804.298130278384	7404.0	-2811.126138501482	6.828008223097642
8226000	-2802.9091980720527	7405.0	-2810.985129938298	8.075931866245572
8227000	-2801.3417561520314	7406.0	-2809.377395219648	8.03563906761667
8228000	-2801.6431201212404	7407.0	-2809.279445498427	7.6363253771863695
8229000	-2801.33119087052	7407.0	-2809.5119869576793	8.180796087159111
8230000	-2802.0042194391413	7408.0	-2809.1578034238755	7.1535839847342935
8231000	-2800.75769132722	7409.0	-2809.287579973368	8.529888646147917
8232000	-2802.074386424253	7410.0	-2810.2840213136533	8.209634889400284
8233000	-2805.621649790629	7411.0	-2813.69399900682	8.0723492161912
8234000	-2801.2708550570237	7412.0	-2809.58985461782	8.318999560796168
8235000	-2801.3663790048313	7413.0	-2809.9421745713694	8.575795566538217
8236000	-2806.1468493860784	7414.0	-2813.112671352225	6.965821966146523
8237000	-2800.8910928544133	7415.0	-2809.1260406836045	8.234947829191405
8238000	-2801.039733859914	7416.0	-2809.5084068407104	8.46867298079628
8239000	-2801.9068402803528	7416.0	-2809.933926124137	8.02708584378441
8240000	-2801.5518961185626	7417.0	-2809.5752694938556	8.023373375292984
8241000	-2802.831560193076	7418.0	-2810.132031329188	7.300471136112199
8242000	-2803.0899723719226	7419.0	-2810.2362824363186	7.146310064395834
8243000	-2802.2646297915835	7420.0	-2810.5127638992353	8.248134107651916
8244000	-2802.670643613024	7421.0	-2811.089593879743	8.418950266719214
8245000	-2808.040599215945	7422.0	-2814.145570075775	6.104970859830187
8246000	-2804.845933437887	7423.0	-2812.8458118091803	7.999878371293082
8247000	-2802.627980081288	7424.0	-2809.179219705471	6.551239624182861
8248000	-2802.411654289007	7425.0	-2810.1563540775483	7.744699788541427
8249000	-2804.2461509868335	7425.0	-2810.2413809510413	5.995229964207853
8250000	-2800.699875767333	7426.0	-2809.1811321646805	8.481256397347465
8251000	-2804.355805993578	7427.0	-2812.842700648486	8.48689465490748
8252000	-2802.5103047668445	7428.0	-2810.7215625480185	8.211257781174092
8253000	-2803.3041657276667	7429.0	-2811.5552015476596	8.251035819992753
8254000	-2803.0433149470673	7430.0	-2811.2382227877983	8.194907840731119
8255000	-2801.7820388520995	7431.0	-2809.8387927193257	8.056753867226192
8256000	-2802.913397713076	7432.0	-2811.211697241072	8.2982995279961
8257000	-2805.9874500609526	7433.0	-2814.551167323194	8.56371726224133
8258000	-2802.8538490513	7434.0	-2811.220772908862	8.366923857561465
8259000	-2804.0475695114733	7434.0	-2811.88623039613	7.838660884656666
8260000	-2802.818157479632	7435.0	-2809.2465112459095	6.428353766277153
8261000	-2802.1593205351396	7436.0	-2809.6190838042553	7.459763269115651
8262000	-2807.5565743979623	7437.0	-2814.54039888743	6.983824489467799
8263000	-2804.944844785497	7438.0	-2812.6557944814326	7.71094969593574
8264000	-2800.5509337557214	7439.0	-2808.554377821841	8.003444066119597
8265000	-2801.9414033333987	7440.0	-2809.47850291589	7.537099582491387
8266000	-2804.040096455959	7441.0	-2812.4096179545013	8.369521498542142
8267000	-2805.6849991257222	7442.0	-2813.746464761491	8.06146563576878
8268000	-2801.1351512725128	7443.0	-2809.3261307521543	8.190979479641632
8269000	-2801.4469599192735	7443.0	-2809.5060724260957	8.0591125068221
8270000	-2806.044929201854	7444.0	-2812.4087299545818	6.363800752727794
8271000	-2804.2741215987458	7445.0	-2813.1151101537885	8.840988555042562
8272000	-2803.376565961047	7446.0	-2811.1207859560777	7.744219995030767
8273000	-2801.6217609536666	7447.0	-2809.671260041863	8.049499088196661
8274000	-2800.7144011021346	7448.0	-2809.222613290691	8.508212188556396
8275000	-2808.216474630982	7449.0	-2816.0049706799587	7.788496048976983
8276000	-2806.1110265576735	7450.0	-2811.5148169867807	5.403790429107251
8277000	-2802.1258325590193	7451.0	-2810.8038602485153	8.678027689496224
8278000	-2804.2998142891242	7452.0	-2812.8702636297594	8.570449340634951
8279000	-2801.69224028476	7452.0	-2808.906155848947	7.21391556418693
8280000	-2801.2289588768103	7453.0	-2809.4390369747184	8.210078097907855
8281000	-2802.1916265792775	7454.0	-2810.0993520403094	7.90772546103219
8282000	-2801.885914775468	7455.0	-2809.950486726259	8.064571950791084
8283000	-2801.2103146766135	7456.0	-2808.704977348827	7.494662672213726
8284000	-2803.118538022582	7457.0	-2810.3882415158296	7.269703493247703
8285000	-2806.0622975473707	7458.0	-2811.2711598766664	5.208862329295826
8286000	-2802.1590719289898	7459.0	-2810.4541272443603	8.295055315370547
8287000	-2803.1276886513347	7460.0	-2811.15083398515	8.023145333815137
8288000	-2801.260574097111	7461.0	-2809.726876113242	8.466302016130774
8289000	-2810.0434318891075	7461.0	-2814.1926718777568	4.149239988649034
8290000	-2803.3785394387655	7462.0	-2811.5010528260946	8.122513387329107
8291000	-2804.274320617658	7463.0	-2812.007345094478	7.733024476819942
8292000	-2806.908951280465	7464.0	-2815.3657044184265	8.456753137961476
8293000	-2801.7837169373743	7465.0	-2808.9905291201144	7.206812182740204
8294000	-2802.2838102086757	7466.0	-2810.20939063957	7.925580430894171
8295000	-2801.243258646745	7467.0	-2809.432599309977	8.18934066323226
8296000	-2801.893157509986	7468.0	-2808.900611246912	7.007453736925823
8297000	-2802.645653599141	7469.0	-2810.554353899139	7.908700299998179
8298000	-2805.144990241804	7470.0	-2812.843005928616	7.698015686812078
8299000	-2800.909484967485	7470.0	-2809.1159742265827	8.206489259098008
8300000	-2804.53831510054	7471.0	-2811.3538987222623	6.815583621722243
8301000	-2802.6897815338525	7472.0	-2808.6146365065906	5.924854972737961
8302000	-2803.98552529342	7473.0	-2811.6735892423817	7.688063948961969
8303000	-2801.673138383822	7474.0	-2809.542088485637	7.868950101815411
8304000	-2802.959309039179	7475.0	-2810.7018606896154	7.7425516504364875
8305000	-2802.423613378691	7476.0	-2810.249779199555	7.826165820864325
8306000	-2800.9758902223243	7477.0	-2809.6414453534235	8.66555513109924
8307000	-2803.262087205815	7478.0	-2811.4371557576815	8.175068551866175
8308000	-2800.773863384095	7479.0	-2808.677796093428	7.903932709332868
8309000	-2801.785380025291	7479.0	-2809.846616598426	8.061236573134764
8310000	-2802.449356290572	7480.0	-2810.2617568725004	7.812400581928663
8311000	-2802.0063232470484	7481.0	-2809.265345699671	7.259022452622728
8312000	-2800.636605473824	7482.0	-2808.9561667330554	8.31956125923103
8313000	-2801.686456772888	7483.0	-2810.0673898411037	8.380933068215874
8314000	-2804.8238047424647	7484.0	-2813.3083145975634	8.48450985509865
8315000	-2804.404275864704	7485.0	-2812.3264859388446	7.922210074141024
8316000	-2801.322125571403	7486.0	-2809.4988113059844	8.176685734581477
8317000	-2804.2139001253677	7487.0	-2810.6764957137257	6.462595588357889
8318000	-2803.0580457287006	7488.0	-2811.0410300075473	7.9829842788468826
8319000	-2806.6056370470087	7488.0	-2814.2076010381174	7.601963991108752
8320000	-2803.8465740956703	7489.0	-2812.1506038383372	8.30402974266698
8321000	-2801.928926455143	7490.0	-2810.060853630448	8.131927175305211
8322000	-2801.8866176309753	7491.0	-2809.259349726334	7.37273209535882
8323000	-2805.725464897929	7492.0	-2813.044461073942	7.318996176012504
8324000	-2801.841942439183	7493.0	-2809.8012057523842	7.959263313201232
8325000	-2802.9099999480095	7494.0	-2810.845231540298	7.9352315922883285
8326000	-2802.917665227906	7495.0	-2810.3565323473445	7.438867119438352
8327000	-2804.464714457692	7496.0	-2812.4718700646117	8.007155606919909
8328000	-2800.3042938290164	7497.0	-2808.839939914127	8.535646085110857
8329000	-2806.686409048964	7497.0	-2811.2614826369104	4.575073587946619
8330000	-2804.4692769830785	7498.0	-2811.8898906185746	7.420613635495812
8331000	-2801.7301175913626	7499.0	-2809.6109713392993	7.880853747936734
8332000	-2803.892829012746	7500.0	-2811.740123866632	7.847294853886266
8333000	-2800.622008181552	7501.0	-2808.880317707359	8.25830952580717
8334000	-2800.576125932643	7502.0	-2808.931169770375	8.35504383773193
8335000	-2802.473995637916	7503.0	-2810.173357028845	7.699361390929651
8336000	-2804.2944608176876	7504.0	-2810.4029928586256	6.108532040938072
8337000	-2805.8667943049336	7505.0	-2814.427171280254	8.560376975320056
8338000	-2804.8023020161413	7506.0	-2811.918500974313	7.1161989581713465
8339000	-2801.901114740514	7506.0	-2810.190865939583	8.289751199069212
8340000	-2803.8303109992803	7507.0	-2811.476911953385	7.646600954104717
8341000	-2805.873593325081	7508.0	-2811.883059232916	6.009465907834835
8342000	-2802.887588091407	7509.0	-2811.163789718454	8.276201627047305
8343000	-2801.864081216786	7510.0	-2809.4482224683156	7.584141251529871
8344000	-2802.8939498337204	7511.0	-2810.8562073007183	7.962257466998023
8345000	-2801.0523961858353	7512.0	-2809.0947553413644	8.042359155529034
8346000	-2801.004188033098	7513.0	-2809.0809727715136	8.076784738415451
8347000	-2802.707595668297	7514.0	-2810.317437010728	7.609841342431183
8348000	-2800.826443027429	7515.0	-2808.925455926535	8.099012899106153
8349000	-2803.1335750364997	7515.0	-2809.034927634502	5.901352598002081
8350000	-2807.004725420929	7516.0	-2814.7017116734646	7.696986252535684
8351000	-2803.514529740995	7517.0	-2810.720657621555	7.206127880560098
8352000	-2802.004227540823	7518.0	-2810.6920619658395	8.687834425016158
8353000	-2801.530064819334	7519.0	-2809.231906288145	7.701841468811266
8354000	-2801.918561206121	7520.0	-2810.141851613463	8.223290407342237
8355000	-2802.3994171007234	7521.0	-2810.6388787079677	8.239461607244133
8356000	-2802.995267967773	7522.0	-2811.2350344838287	8.239766516055523
8357000	-2802.2122469471346	7523.0	-2809.6977849514446	7.485538004310038
8358000	-2801.871791023223	7524.0	-2810.5623932632543	8.690602240031202
8359000	-2803.235941145205	7524.0	-2811.454725373037	8.218784227832407
8360000	-2802.3553659351355	7525.0	-2809.9298014976093	7.5744355624738615
8361000	-2802.188193565261	7526.0	-2810.794977334851	8.606783769590194
8362000	-2803.1606948575545	7527.0	-2809.8614925854204	6.70079772786595
8363000	-2802.3312434825843	7528.0	-2809.9838600996454	7.652616617061128
8364000	-2805.5655842174406	7529.0	-2813.8427077881893	8.277123570748529
8365000	-2804.4435848631497	7530.0	-2812.601768197078	8.158183333928246
8366000	-2803.5640033203736	7531.0	-2811.463093257259	7.899089936885344
8367000	-2800.9025931716005	7532.0	-2809.2124948433407	8.309901671740082
8368000	-2803.1578302384055	7533.0	-2811.6834048277574	8.525574589351757
8369000	-2800.475188032073	7533.0	-2808.945064136853	8.46987610477999
8370000	-2802.6750121064324	7534.0	-2810.0460817216913	7.371069615259001
8371000	-2804.0215186561386	7535.0	-2811.477835913774	7.456317257635411
8372000	-2800.462713005221	7536.0	-2808.840093465889	8.377380460668249
8373000	-2801.6773249656007	7537.0	-2809.9342152192185	8.256890253617573
8374000	-2805.6863928802263	7538.0	-2813.1220483389498	7.435655458723604
8375000	-2803.5391962889057	7539.0	-2810.5296306640494	6.990434375143685
8376000	-2803.960924709614	7540.0	-2811.1824438013955	7.221519091781222
8377000	-2800.865536457008	7541.0	-2809.004116692745	8.138580235736928
8378000	-2805.35747415094	7542.0	-2812.9636039418638	7.606129790923777
8379000	-2808.9711903976267	7542.0	-2818.2056704741603	9.234480076533783
8380000	-2802.22971444631	7543.0	-2809.6374484690587	7.40773402274861
8381000	-2801.577030132711	7544.0	-2809.2231738059845	7.646143673273433
8382000	-2803.4686449353308	7545.0	-2812.047246547523	8.578601612192253
8383000	-2805.2185879065314	7546.0	-2813.0921760293486	7.873588122817199
8384000	-2802.0114403127914	7547.0	-2809.72597062746	7.714530314668429
8385000	-2802.0016045647994	7548.0	-2809.9565744871584	7.954969922358764
8386000	-2800.8335454310027	7549.0	-2809.037623774687	8.20407834368428
8387000	-2802.8747943440894	7550.0	-2810.6198012668833	7.7450069227938645
8388000	-2803.5939143098203	7551.0	-2809.8222674963326	6.2283531865123525
8389000	-2803.776227769818	7551.0	-2811.0877747538866	7.311546984068813
8390000	-2802.3885604264656	7552.0	-2810.3876347831338	7.999074356668178
8391000	-2802.5873891258093	7553.0	-2811.238619769767	8.65123064395788
8392000	-2803.9965368882513	7554.0	-2811.5722382566782	7.575701368427163
8393000	-2802.8636894080405	7555.0	-2810.965669007015	8.101979598974783
8394000	-2804.0617213857454	7556.0	-2809.0003224305738	4.938601044828562
8395000	-2801.3047213563345	7557.0	-2809.410901043973	8.10617968763825
8396000	-2803.6799663950605	7558.0	-2812.2119829941685	8.532016599107973
8397000	-2801.602879227987	7559.0	-2809.5776143193207	7.974735091333539
8398000	-2801.282440751688	7560.0	-2809.3318123502	8.049371598512128
8399000	-2801.1231890938434	7560.0	-2809.8140065472107	8.690817453367295
8400000	-2804.1746775533306	7561.0	-2810.5536589318926	6.378981378562065
8401000	-2803.1340068686304	7562.0	-2811.0679358565685	7.9339289879382395
8402000	-2802.16268481661	7563.0	-2809.941298056882	7.778613240271474
8403000	-2805.159400302613	7564.0	-2812.6292563826805	7.469856080067471
8404000	-2803.176793207881	7565.0	-2811.2786869358965	8.101893728015597
8405000	-2801.510642001361	7566.0	-2810.0221844682965	8.51154246693559
8406000	-2802.6906876841545	7567.0	-2809.667254267163	6.976566583008746
8407000	-2802.5101273951527	7568.0	-2811.1806051049957	8.670477709842888
8408000	-2801.5805057020452	7569.0	-2809.3849113799197	7.8044056778746
8409000	-2806.2834149610785	7569.0	-2814.2375565181283	7.954141557049692
8410000	-2801.2799104848887	7570.0	-2809.37762958881	8.097719103921357
8411000	-2801.129807418056	7571.0	-2809.4149079226277	8.285100504571798
8412000	-2804.751631491932	7572.0	-2811.989750700603	7.238119208670993
8413000	-2803.5090687564893	7573.0	-2811.9804796909666	8.471410934477147
8414000	-2806.0170032318315	7574.0	-2813.7358644771207	7.718861245288988
8415000	-2801.7176219513844	7575.0	-2810.3874479540073	8.669826002622855
8416000	-2802.4687669621217	7576.0	-2810.4605297754683	7.991762813346846
8417000	-2802.150507758217	7577.0	-2810.2998197521724	8.149311993955385
8418000	-2801.625012012925	7578.0	-2810.352969034169	8.727957021243823
8419000	-2801.739763361313	7578.0	-2810.1470523063467	8.40728894503372
8420000	-2807.050824330781	7579.0	-2813.2784999723012	6.22767564152036
8421000	-2802.4819458158295	7580.0	-2809.6038182407056	7.121872424876125
8422000	-2800.6872333849196	7581.0	-2808.828071240851	8.1408378559311
8423000	-2800.754916189782	7582.0	-2809.2866119193463	8.531695729564388
8424000	-2807.016869425983	7583.0	-2813.545469630779	6.528600204796025
8425000	-2803.0176368634807	7584.0	-2809.770270785517	6.752633922036436
8426000	-2801.0284808192914	7585.0	-2809.2826813459974	8.254200526705851
8427000	-2800.9895175994698	7586.0	-2809.1986212208894	8.20910362141955
8428000	-2801.443931529846	7587.0	-2810.089905061674	8.64597353182791
8429000	-2806.0414563829945	7587.0	-2814.8047739255458	8.763317542551263
8430000	-2804.1957504442116	7588.0	-2812.620919114106	8.425168669894273
8431000	-2804.3309959838866	7589.0	-2812.4909580355925	8.159962051706039
8432000	-2803.699157077804	7590.0	-2810.6746600471397	6.975502969335735
8433000	-2802.37210256063	7591.0	-2810.364266470122	7.992163909492082
8434000	-2803.4930301114846	7592.0	-2811.773819100101	8.280788988616115
8435000	-2804.497658407024	7593.0	-2813.4303250079465	8.932666600922344
8436000	-2801.838826948924	7594.0	-2809.859684006744	8.020857057819626
8437000	-2802.359844509443	7595.0	-2809.0237393522625	6.663894842819429
8438000	-2801.7905153409793	7596.0	-2808.994861854421	7.204346513441677
8439000	-2801.9468025856786	7596.0	-2810.547214711165	8.60041212548661
8440000	-2802.34095230686	7597.0	-2810.0515975867943	7.71064527993452
8441000	-2801.22622153788	7598.0	-2809.696245552399	8.470024014518982
8442000	-2801.29129347654	7599.0	-2808.5947203845444	7.303426908004524
8443000	-2803.0358914967046	7600.0	-2809.2353577362533	6.199466239548654
8444000	-2803.456370705657	7601.0	-2812.347601238102	8.89123053244513
8445000	-2803.759755242982	7602.0	-2811.1309350521233	7.3711798091412595
8446000	-2802.4140426089507	7603.0	-2810.1230246072387	7.708981998287755
8447000	-2804.9072065582986	7604.0	-2810.582489358922	5.675282800623351
8448000	-2801.330521337279	7605.0	-2809.586008626072	8.255487288792805
8449000	-2800.6960249748486	7605.0	-2809.020254165107	8.324229190258439
8450000	-2804.5250166353962	7606.0	-2812.3447841307	7.81976749530411
8451000	-2805.2042941379086	7607.0	-2813.4545021011536	8.25020796324477
8452000	-2801.532369852009	7608.0	-2808.7281314785146	7.195761626505595
8453000	-2804.550559686855	7609.0	-2812.565268806057	8.014709119201594
8454000	-2805.555526814391	7610.0	-2813.8903273508877	8.334800536496388
8455000	-2804.3994846879036	7611.0	-2812.272431633472	7.8729469455685415
8456000	-2805.647359417775	7612.0	-2811.4156497069303	5.768290289155196
8457000	-2802.9201388496185	7613.0	-2811.010720725503	8.090581875884212
8458000	-2802.750649204717	7614.0	-2811.180138095119	8.429488890402464
8459000	-2801.6594972625153	7614.0	-2810.37105969377	8.711562431254464
8460000	-2802.609910556119	7615.0	-2809.9726627096015	7.362752153482662
8461000	-2805.1292581883044	7616.0	-2812.7403276152318	7.61106942692744
8462000	-2805.8737959583086	7617.0	-2813.7755702285044	7.901774270195695
8463000	-2801.278933230268	7618.0	-2809.7393224578423	8.460389227573923
8464000	-2801.4067860519167	7619.0	-2809.4598022881064	8.053016236189823
8465000	-2804.301755862209	7620.0	-2811.4867494691102	7.184993606901171
8466000	-2802.113283418713	7621.0	-2809.7129719369154	7.5996885182024165
8467000	-2800.4838846620073	7622.0	-2808.527771726315	8.043887064307995
8468000	-2802.7488832843906	7623.0	-2811.6354581829587	8.8865748985681
8469000	-2801.2874044117457	7623.0	-2809.7389259061247	8.451521494379083
8470000	-2803.3830187949006	7624.0	-2812.208712636051	8.825693841150287
8471000	-2802.6627252759035	7625.0	-2811.312318202388	8.649592926484452
8472000	-2803.4090145076602	7626.0	-2812.240266519753	8.831252012092753
8473000	-2805.6196832424603	7627.0	-2813.3296844767065	7.710001234246049
8474000	-2801.2983537565487	7628.0	-2809.5800269870315	8.281673230482586
8475000	-2800.9409804570396	7629.0	-2809.6094411069707	8.66846064993124
8476000	-2803.603554880415	7630.0	-2812.63049195007	9.02693706965519
8477000	-2807.5084781147966	7631.0	-2815.4716718982454	7.963193783448844
8478000	-2802.5424407335418	7632.0	-2809.4093246293755	6.8668838958339276
8479000	-2803.563684455339	7632.0	-2810.5909535870783	7.027269131738964
8480000	-2801.8974306814716	7633.0	-2809.937991263634	8.040560582162694
8481000	-2805.4070914007266	7634.0	-2813.238114250653	7.831022849926281
8482000	-2801.7882724043316	7635.0	-2809.8562489435562	8.067976539224553
8483000	-2801.7014024056452	7636.0	-2809.6087603860306	7.907357980385124
8484000	-2800.9634628298318	7637.0	-2809.128274409944	8.164811580112225
8485000	-2803.904522501067	7638.0	-2811.877579034285	7.973056533218155
8486000	-2803.3502802008675	7639.0	-2811.688166753118	8.337886552250653
8487000	-2801.8937826204515	7640.0	-2810.038722911208	8.144940290756463
8488000	-2802.9753933817806	7641.0	-2809.9529778212864	6.977584439505767
8489000	-2805.24602267797	7641.0	-2811.866986422626	6.620963744655961
8490000	-2802.22497151195	7642.0	-2810.4929030129533	8.267931501003124
8491000	-2806.296473807596	7643.0	-2814.9121493898306	8.615675582234527
8492000	-2803.0901627679327	7644.0	-2811.3232641343816	8.233101366448736
8493000	-2804.8459726175474	7645.0	-2811.676929381516	6.830956763968372
8494000	-2803.2244391082713	7646.0	-2811.250305025831	8.025865917559841
8495000	-2802.2385473354407	7647.0	-2810.526414292246	8.287866956805354
8496000	-2803.9232028643605	7648.0	-2811.322953699784	7.39975083542346
8497000	-2800.4668010108176	7649.0	-2808.8283539496315	8.361552938814093
8498000	-2802.560109995557	7650.0	-2810.6739688449657	8.113858849408786
8499000	-2805.850568380123	7650.0	-2813.5977600206393	7.747191640516167
8500000	-2802.3924434241994	7651.0	-2810.842261490226	8.44981806602645
8501000	-2808.34106592679	7652.0	-2813.4146260220205	5.073560095230416
8502000	-2803.125329078972	7653.0	-2811.384747629436	8.25941855046397
8503000	-2802.5487326400817	7654.0	-2810.195869274809	7.647136634727438
8504000	-2801.061221816063	7655.0	-2809.051927888629	7.990706072565743
8505000	-2801.2917826538282	7656.0	-2809.4180811512465	8.12629849741836
8506000	-2802.4058464249933	7657.0	-2810.634038899309	8.228192474315554
8507000	-2803.539125011732	7658.0	-2810.4355999841764	6.896474972444759
8508000	-2802.984445130049	7659.0	-2811.392823735466	8.408378605417177
8509000	-2803.8262731403283	7659.0	-2812.1414070907863	8.31513395045807
8510000	-2805.118857673087	7660.0	-2813.481708437782	8.36285076469498
8511000	-2803.694683462325	7661.0	-2811.016733822748	7.322050360422991
8512000	-2800.2587112282995	7662.0	-2808.4728407960597	8.214129567760326
8513000	-2804.690327974085	7663.0	-2809.736169305405	5.045841331319797
8514000	-2801.763676005107	7664.0	-2809.437535071328	7.673859066221065
8515000	-2801.3985247295004	7665.0	-2810.0819621869255	8.683437457425264
8516000	-2802.9858258432055	7666.0	-2810.8530085729067	7.867182729701302
8517000	-2805.492994911337	7667.0	-2812.9134830727753	7.420488161438202
8518000	-2804.557946811232	7668.0	-2811.4734321728993	6.915485361667398
8519000	-2803.549909258048	7668.0	-2811.7831826384886	8.233273380440627
8520000	-2801.812151418555	7669.0	-2810.1604329111215	8.34828149256629
8521000	-2803.7690094916984	7670.0	-2811.810221816656	8.041212324957709
8522000	-2802.1100514552027	7671.0	-2809.5276053925295	7.417553937326679
8523000	-2806.373609378599	7672.0	-2812.7365587929644	6.362949414365305
8524000	-2801.847578222415	7673.0	-2809.9115774404722	8.063999218057429
8525000	-2806.0069338923367	7674.0	-2814.1130989954013	8.106165103064619
8526000	-2803.880836106786	7675.0	-2810.116514338245	6.235678231459241
8527000	-2801.897720034819	7676.0	-2809.652355284016	7.754635249196597
8528000	-2804.1180228053163	7677.0	-2811.3407190190123	7.222696213696056
8529000	-2801.323411680645	7677.0	-2809.85143153593	8.528019855284438
8530000	-2800.724425148645	7678.0	-2808.5957126729163	7.871287524271415
8531000	-2801.681125890507	7679.0	-2808.6031439368844	6.9220180463773975
8532000	-2802.39282169022	7680.0	-2810.1066739335893	7.7138522433693115
8533000	-2803.135400229763	7681.0	-2811.067538412992	7.932138183228619
8534000	-2804.2348646512573	7682.0	-2811.3981676774183	7.1633030261610635
8535000	-2803.0544052738273	7683.0	-2811.1001394488526	8.045734175025105
8536000	-2800.8635016340204	7684.0	-2808.720317802276	7.856816168255748
8537000	-2802.187338346034	7685.0	-2810.438552917497	8.251214571463308
8538000	-2802.607684400168	7686.0	-2810.0356327926224	7.427948392454437
8539000	-2804.366889480785	7686.0	-2812.4389076374064	8.072018156621374
8540000	-2802.7119129186617	7687.0	-2811.0727730363765	8.360860117714598
8541000	-2800.7686019781263	7688.0	-2809.125647695578	8.357045717451799
8542000	-2802.3514595852685	7689.0	-2809.7859913257134	7.434531740444831
8543000	-2804.2038165342306	7690.0	-2810.321440556911	6.1176240226804275
8544000	-2804.710388178236	7691.0	-2811.2507713955297	6.540383217293935
8545000	-2802.3573049815013	7692.0	-2810.538284116973	8.18097913547181
8546000	-2802.183016053656	7693.0	-2809.3402982030984	7.15728214944253
8547000	-2800.8070529472648	7694.0	-2809.1256230098984	8.318570062633697
8548000	-2802.855527199902	7695.0	-2810.773654770477	7.918127570574969
8549000	-2803.7428516353016	7695.0	-2811.7317434800925	7.988891844790803
8550000	-2802.738831357875	7696.0	-2810.753841722792	8.015010364917238
8551000	-2803.5192292032675	7697.0	-2810.5888826630076	7.069653459740042
8552000	-2805.093163270875	7698.0	-2813.113579087226	8.020415816350917
8553000	-2803.132557632114	7699.0	-2811.2100046421474	8.077447010033369
8554000	-2801.9186918422943	7700.0	-2809.1519341921367	7.233242349842249
8555000	-2805.3106542516593	7701.0	-2813.6176242082665	8.306969956607379
8556000	-2804.470151358904	7702.0	-2811.8157194220066	7.345568063102866
8557000	-2804.553548023461	7703.0	-2812.7976005194514	8.244052495990015
8558000	-2802.328657668331	7704.0	-2810.382212642427	8.053554974096397
8559000	-2802.6185592912097	7704.0	-2810.688902535285	8.070343244075069
8560000	-2801.2076355413756	7705.0	-2809.5144909790856	8.30685543770991
8561000	-2801.075550551694	7706.0	-2808.8606691505815	7.785118598887352
8562000	-2800.907533439597	7707.0	-2809.234616050201	8.327082610604132
8563000	-2803.169028137775	7708.0	-2811.3564879918017	8.187459854026809
8564000	-2800.220313025062	7709.0	-2808.6361070678386	8.415794042776607
8565000	-2804.2099613723526	7710.0	-2812.4367530245077	8.226791652155066
8566000	-2801.583128136874	7711.0	-2809.6492512411883	8.066123104313915
8567000	-2800.49349765789	7712.0	-2808.593108044822	8.099610386932032
8568000	-2801.6886853148485	7713.0	-2809.8121583589177	8.123473044069005
8569000	-2804.8201010433504	7713.0	-2812.835279752172	8.015178708821773
8570000	-2806.1443629982286	7714.0	-2814.4613641630663	8.317001164837828
8571000	-2804.899186914652	7715.0	-2812.7892042346803	7.890017320028241
8572000	-2803.8653525545637	7716.0	-2811.509814157404	7.644461602840111
8573000	-2803.3953014608624	7717.0	-2811.2151284192805	7.819826958417973
8574000	-2801.850579742703	7718.0	-2809.727904857835	7.877325115132063
8575000	-2802.001999111789	7719.0	-2810.328830492386	8.326831380596936
8576000	-2801.802388884001	7720.0	-2809.7355713456714	7.933182461670373
8577000	-2801.98039117375	7721.0	-2810.6493265073077	8.668935333557886
8578000	-2800.5071943873377	7722.0	-2809.018113902175	8.510919514837497
8579000	-2801.3787348134397	7722.0	-2809.3522538850148	7.97351907157502
8580000	-2801.844841777694	7723.0	-2809.9524551687527	8.107613391058539
8581000	-2805.186058651354	7724.0	-2812.233013160981	7.046954509627257
8582000	-2805.933353942728	7725.0	-2812.658955832154	6.725601889425797
8583000	-2805.3891179576362	7726.0	-2812.965100392285	7.5759824346487035
8584000	-2802.627761027229	7727.0	-2810.4891396392595	7.861378612030465
8585000	-2806.120957847397	7728.0	-2814.6893686262133	8.56841077881623
8586000	-2805.524241669844	7729.0	-2813.610489031707	8.086247361863045
8587000	-2805.5023522530814	7730.0	-2813.017102270555	7.514750017473531
8588000	-2802.7933508695846	7731.0	-2809.4536254337772	6.660274564192764
8589000	-2801.033722608631	7731.0	-2809.2985649450175	8.264842336386648
8590000	-2802.952616378504	7732.0	-2811.364168193232	8.411551814728348
8591000	-2805.1005232105795	7733.0	-2813.077449259142	7.976926048562563
8592000	-2802.5892922141597	7734.0	-2810.7801094029646	8.190817188805067
8593000	-2800.6683907577035	7735.0	-2809.143550501535	8.475159743831618
8594000	-2802.03424225389	7736.0	-2810.051273143778	8.017030889887714
8595000	-2802.642435766716	7737.0	-2810.3051728660616	7.6627370993455175
8596000	-2801.789977067727	7738.0	-2809.5126225389868	7.722645471259763
8597000	-2801.494595563152	7739.0	-2809.7518517921553	8.25725622900315
8598000	-2801.93478526109	7740.0	-2809.9056934541613	7.970908193071507
8599000	-2802.3160848875186	7740.0	-2810.5573409393487	8.24125605183007
8600000	-2802.231206830427	7741.0	-2810.1663252199405	7.93511838951366
8601000	-2801.628365234069	7742.0	-2809.994406860661	8.366041626592118
8602000	-2801.5503185419147	7743.0	-2810.215610939336	8.665292397421325
8603000	-2804.4504998830957	7744.0	-2812.598898490479	8.148398607383013
8604000	-2804.2876600896434	7745.0	-2812.201595720179	7.91393563053564
8605000	-2800.9334308293987	7746.0	-2809.0909761218104	8.157545292411807
8606000	-2801.0972283647698	7747.0	-2809.037950629698	7.940722264928281
8607000	-2806.3011790631263	7748.0	-2813.8483696100875	7.547190546961063
8608000	-2802.749974445633	7749.0	-2810.3604645993955	7.610490153762593
8609000	-2803.705312813456	7749.0	-2810.3844792235905	6.679166410134131
8610000	-2802.5439997147905	7750.0	-2810.6534387158244	8.10943900103402
8611000	-2806.0647115964784	7751.0	-2814.462324853274	8.397613256795374
8612000	-2801.0266522765896	7752.0	-2809.7674095573025	8.740757280712748
8613000	-2800.922762848508	7753.0	-2809.534851092477	8.612088243969144
8614000	-2801.1941108288042	7754.0	-2808.8504286268526	7.656317798048273
8615000	-2801.3918815882926	7755.0	-2809.5347333611408	8.142851772848308
8616000	-2802.8835857729987	7756.0	-2811.446162911689	8.562577138690385
8617000	-2801.9528623797682	7757.0	-2810.2188810201424	8.266018640373957
8618000	-2803.2318974983195	7758.0	-2810.6431469965964	7.411249498277095
8619000	-2801.4377124450266	7758.0	-2809.563861637738	8.126149192711349
8620000	-2804.307528338812	7759.0	-2810.872602321737	6.565073982924713
8621000	-2800.899397709476	7760.0	-2809.3438071150954	8.444409405619348
8622000	-2801.0381635436524	7761.0	-2809.239831728337	8.201668184684388
8623000	-2804.3648910244556	7762.0	-2813.266767487179	8.901876462723658
8624000	-2802.708795991716	7763.0	-2810.891900761487	8.18310476977042
8625000	-2802.8044022866306	7764.0	-2809.1724340609153	6.36803177428485
8626000	-2801.642821966102	7765.0	-2809.821213101837	8.178391135735314
8627000	-2801.276736159003	7766.0	-2809.615685655704	8.338949496700717
8628000	-2805.172637006873	7767.0	-2812.4872736381967	7.314636631323631
8629000	-2803.1335004063294	7767.0	-2811.426771150819	8.293270744489538
8630000	-2802.1994282658525	7768.0	-2809.8340252866237	7.634597020771463
8631000	-2801.6322487198468	7769.0	-2810.1757166745565	8.543467954709909
8632000	-2804.405933327342	7770.0	-2812.5136020581417	8.107668730799524
8633000	-2805.199451557536	7771.0	-2812.6849978160976	7.485546258561539
8634000	-2802.344738696743	7772.0	-2810.243807131359	7.899068434615929
8635000	-2800.945916155094	7773.0	-2809.3579916225367	8.412075467442587
8636000	-2801.9573309877637	7774.0	-2808.920187337236	6.962856349472154
8637000	-2803.4568633396957	7775.0	-2810.8616376914715	7.404774351775882
8638000	-2802.752509370834	7776.0	-2811.3548026230446	8.602293252210467
8639000	-2802.5551066804037	7776.0	-2811.244064116291	8.688957435887513
8640000	-2800.6439009671817	7777.0	-2808.9660328287487	8.32213186156702
8641000	-2802.147035141626	7778.0	-2809.7971159659824	7.650080824356297
8642000	-2812.2953213223777	7779.0	-2819.6846951461253	7.389373823747546
8643000	-2802.7904974424096	7780.0	-2810.985482360147	8.194984917737486
8644000	-2801.8799932401366	7781.0	-2810.3472682883908	8.467275048254189
8645000	-2801.3324158584132	7782.0	-2809.9702718569492	8.637855998536043
8646000	-2802.4583926531586	7783.0	-2810.5866670869145	8.128274433756125
8647000	-2801.9208263803953	7784.0	-2810.082646730445	8.16182035004977
8648000	-2807.809543957451	7785.0	-2816.361156345779	8.551612388327843
8649000	-2805.144692132586	7785.0	-2813.368702405733	8.224010273147085
8650000	-2802.6770823838906	7786.0	-2810.025741260454	7.348658876563689
8651000	-2804.960529196611	7787.0	-2810.7077045167885	5.747175320177359
8652000	-2804.6803089673194	7788.0	-2812.8204997637135	8.14019079639397
8653000	-2800.8269124403773	7789.0	-2808.5681691457357	7.741256705358527
8654000	-2801.921209074755	7790.0	-2809.919425139606	7.998216064851036
8655000	-2802.8133667789034	7791.0	-2810.8155747369833	8.002207958079833
8656000	-2803.674959437286	7792.0	-2809.478171840787	5.803212403501327
8657000	-2802.319543866041	7793.0	-2810.1230646004997	7.8035207344587745
8658000	-2801.1852319380764	7794.0	-2809.3413485687297	8.156116630653312
8659000	-2801.4748281587854	7794.0	-2809.0202797312663	7.545451572480937
8660000	-2802.643697591651	7795.0	-2810.639643610179	7.995946018528325
8661000	-2800.7528702215195	7796.0	-2808.8666563057636	8.113786084244266
8662000	-2805.5066160585197	7797.0	-2812.751049981415	7.244433922895106
8663000	-2802.259633254385	7798.0	-2811.021216331857	8.76158307747209
8664000	-2803.0776807449515	7799.0	-2810.9589307821534	7.881250037201713
8665000	-2802.8544004383757	7800.0	-2810.9496721121145	8.095271673738889
8666000	-2802.990708957262	7801.0	-2810.279699272216	7.288990314954102
8667000	-2804.8079021442977	7802.0	-2809.91921368175	5.1113115374525755
8668000	-2800.9686909965358	7803.0	-2809.356029249465	8.387338252928991
8669000	-2801.1902974797636	7803.0	-2809.230282756601	8.039985276837154
8670000	-2802.545676616114	7804.0	-2810.94910743677	8.403430820656133
8671000	-2808.732008822375	7805.0	-2816.6921598243694	7.960151001994409
8672000	-2802.5741600244605	7806.0	-2811.308394358039	8.734234333578392
8673000	-2801.5860473807566	7807.0	-2810.2712948802696	8.68524749951305
8674000	-2805.426363782579	7808.0	-2813.572428931115	8.14606514853627
8675000	-2800.317677831958	7809.0	-2808.6701129709695	8.352435139011654
8676000	-2801.837978458165	7810.0	-2810.2112775884452	8.373299130280254
8677000	-2802.1407583927075	7811.0	-2810.1555536862934	8.014795293585813
8678000	-2803.2998829769012	7812.0	-2810.9912408497976	7.691357872896259
8679000	-2800.867986155487	7812.0	-2809.0078059104267	8.139819754939492
8680000	-2800.452904520067	7813.0	-2808.768800766763	8.315896246695832
8681000	-2801.64932576412	7814.0	-2809.1877782594556	7.538452495335401
8682000	-2801.795455734891	7815.0	-2809.910361348342	8.114905613450958
8683000	-2801.3221383625773	7816.0	-2809.589205816461	8.267067453883428
8684000	-2801.2074022410875	7817.0	-2809.7762525791395	8.568850338052139
8685000	-2805.0519455792823	7818.0	-2813.220068693982	8.168123114699508
8686000	-2800.619905308595	7819.0	-2808.9131636134025	8.293258304807477
8687000	-2810.651724684276	7820.0	-2819.3055070637606	8.653782379484621
8688000	-2801.6513323508993	7821.0	-2809.991565827581	8.340233476681584
8689000	-2803.091655739731	7821.0	-2811.6049912171634	8.513335477432472
8690000	-2801.198563601833	7822.0	-2809.372030110404	8.1734665085709
8691000	-2800.8776652303395	7823.0	-2809.3156461052577	8.437980874918036
8692000	-2806.4949822937187	7824.0	-2814.1396500011524	7.644667707433471
8693000	-2802.924926418062	7825.0	-2811.060163146718	8.1352367286558
8694000	-2803.2445060049504	7826.0	-2809.3526001306177	6.1080941256675345
8695000	-2809.482868280727	7827.0	-2815.1822136484	5.699345367673139
8696000	-2801.3333664778443	7828.0	-2809.5192271349442	8.185860657099937
8697000	-2803.2580422622514	7829.0	-2810.885631897683	7.627589635431899
8698000	-2801.7501668725195	7830.0	-2810.1002796095668	8.350112737047402
8699000	-2803.4677215611005	7830.0	-2811.8262166880227	8.358495126922225
8700000	-2806.3162613322143	7831.0	-2813.5678363111456	7.25157497893141
8701000	-2801.0533188295085	7832.0	-2809.1963198622034	8.143001032695079
8702000	-2806.308424176469	7833.0	-2812.6670109460915	6.358586769622383
8703000	-2802.5960543565407	7834.0	-2810.539021543878	7.94296718733739
8704000	-2802.302419571792	7835.0	-2810.440633636486	8.138214064693958
8705000	-2805.002590215557	7836.0	-2813.1982072571873	8.19561704163021
8706000	-2802.3504824074503	7837.0	-2810.2538657949904	7.903383387540181
8707000	-2802.942882234004	7838.0	-2809.614297394547	6.671415160543066
8708000	-2803.3412796955345	7839.0	-2811.686844840462	8.345565144927445
8709000	-2801.832764391102	7839.0	-2810.0946037370227	8.261839345920604
8710000	-2803.2496687765015	7840.0	-2811.0181327291225	7.768463952620817
8711000	-2801.5286090470977	7841.0	-2809.909457664597	8.38084861749958
8712000	-2800.84852244797	7842.0	-2809.2917809487617	8.443258500791568
8713000	-2801.452846080007	7843.0	-2809.6415274570772	8.18868137707041
8714000	-2803.9053032606976	7844.0	-2812.0435105523366	8.138207291639148
8715000	-2802.830242764993	7845.0	-2810.234789025768	7.404546260774869
8716000	-2800.806987752984	7846.0	-2809.105744338394	8.298756585409825
8717000	-2803.321300488128	7847.0	-2811.0975489145326	7.776248426404475
8718000	-2802.47432984694	7848.0	-2811.026643223206	8.552313376266326
8719000	-2803.0097074453124	7848.0	-2809.510470366463	6.500762921150352
8720000	-2804.7201490081247	7849.0	-2811.3990133885336	6.678864380409049
8721000	-2803.0817955243597	7850.0	-2810.794724122055	7.7129285976955035
8722000	-2801.980175589282	7851.0	-2809.3453333797274	7.365157790445102
8723000	-2805.6392150434917	7852.0	-2812.756386052341	7.117171008849299
8724000	-2800.1918092953115	7853.0	-2808.454328338479	8.262519043167677
8725000	-2806.0095725974	7854.0	-2813.2693305925	7.259757995099788
8726000	-2801.840110270188	7855.0	-2809.2738554328366	7.433745162648969
8727000	-2802.7444794943704	7856.0	-2810.1210723546183	7.376592860248083
8728000	-2801.488342584391	7857.0	-2808.9435738373663	7.455231252975549
8729000	-2807.1219636121186	7857.0	-2814.5409491592095	7.418985547090845
8730000	-2803.5389020581983	7858.0	-2811.933752951908	8.39485089370962
8731000	-2803.798697372948	7859.0	-2812.120748006396	8.322050633447631
8732000	-2801.65639758924	7860.0	-2809.670133036422	8.013735447182395
8733000	-2801.5452376783037	7861.0	-2809.9192262133	8.373988534996357
8734000	-2804.020086560652	7862.0	-2811.9164575040995	7.896370943447616
8735000	-2803.6254433559448	7863.0	-2812.3064710195254	8.681027663580826
8736000	-2801.7468193540153	7864.0	-2809.7528410023424	8.00602164832696
8737000	-2806.248940894715	7865.0	-2810.8726072117342	4.62366631701944
8738000	-2801.118642747885	7866.0	-2809.414914001026	8.296271253140954
8739000	-2806.9632086832353	7866.0	-2811.5578898918475	4.594681208612261
8740000	-2801.236436881291	7867.0	-2809.0725372348857	7.836100353594772
8741000	-2803.2507153350025	7868.0	-2812.038775922612	8.788060587609214
8742000	-2802.5993842214034	7869.0	-2810.989157371486	8.389773150082487
8743000	-2803.5609959592966	7870.0	-2811.7014065815015	8.140410622204772
8744000	-2806.0086175329297	7871.0	-2814.4949550606625	8.486337527732971
8745000	-2806.228759696566	7872.0	-2814.410007825007	8.181248128440917
8746000	-2803.420527990412	7873.0	-2811.9543494909976	8.53382150058554
8747000	-2802.2739675977973	7874.0	-2810.460211760541	8.186244162743728
8748000	-2801.9545609286683	7875.0	-2809.3773174837384	7.422756555069885
8749000	-2804.5636906503837	7875.0	-2812.44200097453	7.878310324146458
8750000	-2801.965068841241	7876.0	-2810.1672232635055	8.202154422264288
8751000	-2805.7437531051237	7877.0	-2814.606102178641	8.862349073517372
8752000	-2804.203040161071	7878.0	-2810.014327855723	5.811287694652073
8753000	-2801.7540371861596	7879.0	-2809.7649949907973	8.010957804637796
8754000	-2801.5875147566917	7880.0	-2809.838988042952	8.251473286260563
8755000	-2800.5486782652006	7881.0	-2809.1136081391696	8.564929873969179
8756000	-2801.054390019186	7882.0	-2809.4222258195196	8.36783580033355
8757000	-2801.819587759982	7883.0	-2809.631704495733	7.812116735751127
8758000	-2802.711471002416	7884.0	-2810.8294341511664	8.117963148750263
8759000	-2803.9619647369805	7884.0	-2811.1930708805858	7.231106143605339
8760000	-2802.4016928023907	7885.0	-2810.9157123684713	8.5140195660805
8761000	-2801.5527975276186	7886.0	-2809.8462989831955	8.293501455576777
8762000	-2803.2850710991916	7887.0	-2811.430655420747	8.145584321555546
8763000	-2801.0695913315826	7888.0	-2809.0883157158196	8.018724384236805
8764000	-2801.930174167078	7889.0	-2810.2418463592644	8.311672192186432
8765000	-2803.600496789356	7890.0	-2811.8976047014226	8.297107912066606
8766000	-2801.4102733400186	7891.0	-2809.0390900101993	7.628816670180856
8767000	-2808.3154823389964	7892.0	-2813.0395971995054	4.724114860509172
8768000	-2802.5064159271237	7893.0	-2810.8064977844188	8.300081857295003
8769000	-2804.3993157268824	7893.0	-2812.4518741335764	8.052558406693834
8770000	-2801.9439191982274	7894.0	-2809.758881739787	7.814962541559388
8771000	-2800.8357967957063	7895.0	-2809.0703782225787	8.23458142687219
8772000	-2802.012739697998	7896.0	-2809.9797849681772	7.9670452701794305
8773000	-2801.061242234007	7897.0	-2809.338211445091	8.276969211084166
8774000	-2801.10933929442	7898.0	-2808.9857663095777	7.87642701515788
8775000	-2804.2956740447576	7899.0	-2811.805723311147	7.51004926638946
8776000	-2801.1486600529015	7900.0	-2809.5909279093057	8.44226785640407
8777000	-2802.6178144199953	7901.0	-2810.4098155363085	7.792001116313312
8778000	-2802.0351133947925	7902.0	-2808.8613336726244	6.826220277831716
8779000	-2802.9912903914687	7902.0	-2810.7342183955398	7.742928004070992
8780000	-2803.5502541258275	7903.0	-2809.294831709546	5.744577583718801
8781000	-2805.4909861666324	7904.0	-2813.8440677432604	8.353081576627833
8782000	-2804.677522172211	7905.0	-2809.585811786039	4.908289613827911
8783000	-2806.5498150211315	7906.0	-2813.9952421870053	7.445427165873651
8784000	-2800.8030256892093	7907.0	-2809.104936433605	8.301910744395567
8785000	-2802.9454994584976	7908.0	-2811.428712786382	8.483213327884453
8786000	-2801.296119848679	7909.0	-2809.38874802684	8.092628178160954
8787000	-2804.6755029550723	7910.0	-2812.6379479580974	7.96244500302492
8788000	-2801.4992877010864	7911.0	-2809.8644746358145	8.365186934728062
8789000	-2800.887824937011	7911.0	-2809.128140150339	8.240315213327824
8790000	-2805.854275483966	7912.0	-2813.3506575535257	7.4963820695597345
8791000	-2804.8863268172577	7913.0	-2810.276955903003	5.3906290857453065
8792000	-2803.5870983499503	7914.0	-2810.6737961407484	7.086697790798203
8793000	-2800.6797288125267	7915.0	-2809.206443260211	8.52671444768422
8794000	-2804.1282550989436	7916.0	-2810.122602190218	5.994347091274479
8795000	-2803.656275181726	7917.0	-2810.890847161775	7.234571980049318
8796000	-2801.3312477934946	7918.0	-2809.1205277542604	7.789279960765638
8797000	-2802.3719074134956	7919.0	-2810.427186686464	8.0552792729688
8798000	-2800.8163520030394	7920.0	-2808.8794136615466	8.063061658507145
8799000	-2804.6601583577813	7920.0	-2811.953707722087	7.293549364305661
8800000	-2803.9046961704007	7921.0	-2810.773482487964	6.868786317563387
8801000	-2803.4009467279993	7922.0	-2811.4072719845817	8.006325256582269
8802000	-2801.4134064625996	7923.0	-2809.6306222332105	8.217215770610943
8803000	-2804.1720470458035	7924.0	-2812.0392216345035	7.867174588699788
8804000	-2807.6295461311593	7925.0	-2813.2538460834594	5.624299952300358
8805000	-2805.44191599749	7926.0	-2813.1776955822047	7.7357795847148
8806000	-2801.4006374193905	7927.0	-2809.6085598100767	8.207922390686376
8807000	-2802.4738803995933	7928.0	-2809.8263166069487	7.352436207355503
8808000	-2804.9833124529837	7929.0	-2811.3831584018594	6.399845948875617
8809000	-2806.3323634077715	7929.0	-2811.9081172554847	5.575753847713454
8810000	-2803.112433885845	7930.0	-2811.0463493132984	7.9339154274533845
8811000	-2802.2506765791227	7931.0	-2810.766083018527	8.515406439404043
8812000	-2804.254457641454	7932.0	-2812.561621925963	8.307164284509222
8813000	-2802.925606628015	7933.0	-2810.368823017293	7.443216389277974
8814000	-2804.108233205021	7934.0	-2811.7273971693076	7.619163964286715
8815000	-2802.372532727851	7935.0	-2809.844130516572	7.47159778872099
8816000	-2801.561666768223	7936.0	-2810.0466694380275	8.485002669804338
8817000	-2804.0372711558193	7937.0	-2812.6102960770286	8.573024921209097
8818000	-2800.688997331753	7938.0	-2809.2390542654157	8.550056933662585
8819000	-2802.57670676589	7938.0	-2811.0949782496004	8.518271483710688
8820000	-2804.70443773981	7939.0	-2811.6738537920683	6.969416052258223
8821000	-2804.0880320570946	7940.0	-2812.5749856389075	8.486953581813014
8822000	-2806.7993262836526	7941.0	-2813.1063402360573	6.307013952404889
8823000	-2805.335399687427	7942.0	-2809.2596096073526	3.9242099199256444
8824000	-2801.6087219816172	7943.0	-2809.9500982416334	8.341376260016048
8825000	-2801.6362604999836	7944.0	-2809.8305408373885	8.194280337405173
8826000	-2805.7004932702666	7945.0	-2813.6470848990266	7.946591628760058
8827000	-2805.3203223969895	7946.0	-2813.3080840957346	7.987761698744996
8828000	-2802.7665672792673	7947.0	-2810.983188603255	8.216621323987631
8829000	-2803.2268446688413	7947.0	-2811.850616928403	8.623772259561623
8830000	-2803.7364582422733	7948.0	-2810.033697594962	6.297239352688669
8831000	-2804.3335014146573	7949.0	-2810.2647374319263	5.931236017269143
8832000	-2802.3057414411205	7950.0	-2810.520562540714	8.214821099593294
8833000	-2802.861273476307	7951.0	-2811.06699219592	8.205718719613074
8834000	-2800.0839807338434	7952.0	-2808.455763445802	8.371782711958488
8835000	-2804.7712466544826	7953.0	-2811.569225767221	6.797979112737971
8836000	-2803.419101421261	7954.0	-2811.7285232633913	8.309421842130217
8837000	-2801.4320594174196	7955.0	-2809.723475725592	8.29141630817235
8838000	-2800.4312911253805	7956.0	-2808.751520663231	8.320229537850388
8839000	-2803.49897067725	7956.0	-2812.4444455199555	8.945474842705808
8840000	-2811.0692248482	7957.0	-2818.0191628523053	6.949938004105227
8841000	-2801.5745694282728	7958.0	-2809.0931832561355	7.518613827862655
8842000	-2801.3331260720597	7959.0	-2809.265267381502	7.932141309442068
8843000	-2803.392572820124	7960.0	-2809.1137976504892	5.721224830365157
8844000	-2800.4955174773745	7961.0	-2808.729270082124	8.233752604749688
8845000	-2803.502302847107	7962.0	-2810.0892300682594	6.586927221152724
8846000	-2802.908611703209	7963.0	-2811.040326947398	8.13171524418927
8847000	-2801.78592350185	7964.0	-2810.488594910601	8.702671408751218
8848000	-2802.162109597589	7965.0	-2810.017944825836	7.855835228247094
8849000	-2805.0235701658494	7965.0	-2813.465950925628	8.442380759778747
8850000	-2803.8567267749786	7966.0	-2812.3282242170594	8.471497442080912
8851000	-2802.9883985018328	7967.0	-2810.344173585807	7.3557750839742795
8852000	-2800.6859613533343	7968.0	-2809.1066420340558	8.42068068072145
8853000	-2802.77094571523	7969.0	-2810.4945601973277	7.723614482097517
8854000	-2803.0225693489597	7970.0	-2811.924777320961	8.902207972001396
8855000	-2804.0282774394886	7971.0	-2812.1299159769546	8.10163853746602
8856000	-2803.3125856641736	7972.0	-2810.701742946685	7.389157282511475
8857000	-2803.114739662921	7973.0	-2811.6717144406553	8.556974777734471
8858000	-2801.8301856618127	7974.0	-2808.8707531991713	7.0405675373586085
8859000	-2802.201179589868	7974.0	-2808.950881351255	6.749701761386835
8860000	-2802.778352399357	7975.0	-2811.341597957691	8.56324555833391
8861000	-2804.4889950852908	7976.0	-2812.4651767564173	7.976181671126607
8862000	-2803.360544197973	7977.0	-2811.545914265456	8.185370067482612
8863000	-2802.9695944200726	7978.0	-2810.7961013227527	7.826506902680112
8864000	-2801.716610437163	7979.0	-2810.312859722347	8.596249285184268
8865000	-2804.9864113294543	7980.0	-2812.8893432577897	7.902931928335579
8866000	-2803.0604926692795	7981.0	-2810.6482206944906	7.587728025211037
8867000	-2805.441289673139	7982.0	-2813.99803074048	8.556741067340491
8868000	-2802.047693019475	7983.0	-2809.6615353080274	7.613842288552532
8869000	-2801.3319945074213	7983.0	-2809.899018301767	8.567023794345396
8870000	-2804.655279517999	7984.0	-2812.9741313683357	8.318851850336412
8871000	-2803.256507367741	7985.0	-2810.8372249102745	7.5807175425336215
8872000	-2804.2008587887176	7986.0	-2812.487461549488	8.286602760770505
8873000	-2807.3644726707653	7987.0	-2816.487878434134	9.123405763368572
8874000	-2802.8525636198206	7988.0	-2811.412181454836	8.559617835015427
8875000	-2801.567440951036	7989.0	-2809.8265683473537	8.259127396317728
8876000	-2804.269013521059	7990.0	-2812.8306424699977	8.561628948938516
8877000	-2807.7051880951212	7991.0	-2816.2918278416596	8.5866397465383
8878000	-2801.0312933518353	7992.0	-2808.808013867617	7.776720515781358
8879000	-2801.6719295128614	7992.0	-2810.306004032662	8.634074519800395
8880000	-2806.955513757406	7993.0	-2813.429418351516	6.4739045941096816
8881000	-2801.883879532965	7994.0	-2809.582851300836	7.698971767871131
8882000	-2803.852325594126	7995.0	-2812.9485914824727	9.096265888346991
8883000	-2801.9341486595767	7996.0	-2809.793822989462	7.859674329885198
8884000	-2803.0718931208926	7997.0	-2811.342828898575	8.270935777682364
8885000	-2802.5458293577267	7998.0	-2810.130526329136	7.584696971409326
8886000	-2801.8401352146175	7999.0	-2810.3400704129044	8.499935198286725
8887000	-2801.0803889207414	8000.0	-2809.1845069144983	8.104117993756862
8888000	-2805.513506393477	8001.0	-2812.995570920157	7.482064526680228
8889000	-2803.58352775058	8001.0	-2809.648509615108	6.0649818645282565
8890000	-2802.6409046328586	8002.0	-2810.4071798050923	7.766275172233807
8891000	-2800.9692539652588	8003.0	-2809.1747234159684	8.20546945070951
8892000	-2800.677862917374	8004.0	-2809.099491041151	8.42162812377688
8893000	-2803.100351293285	8005.0	-2810.6091559614874	7.508804668202519
8894000	-2801.0961531525845	8006.0	-2809.282290911275	8.18613775869045
8895000	-2802.4721497231553	8007.0	-2810.144386884739	7.672237161583714
8896000	-2801.7771531513863	8008.0	-2810.3540881556764	8.576935004290302
8897000	-2801.3314470799955	8009.0	-2809.9114110629735	8.579963982977969
8898000	-2803.049324205431	8010.0	-2810.708153264325	7.658829058894217
8899000	-2803.0929605421798	8010.0	-2811.161526149784	8.068565607604299
8900000	-2803.0195552587384	8011.0	-2811.237793138188	8.218237879449802
8901000	-2802.272278817536	8012.0	-2809.006941474972	6.73466265743561
8902000	-2802.9621305084697	8013.0	-2811.1180839079216	8.15595339945179
8903000	-2801.738726672784	8014.0	-2810.54996487058	8.811238197795966
8904000	-2805.869528122328	8015.0	-2810.631230554304	4.761702431975696
8905000	-2801.835998650274	8016.0	-2810.0111268462047	8.175128195930427
8906000	-2802.602207689287	8017.0	-2810.648644528477	8.046436839189912
8907000	-2802.746278386405	8018.0	-2810.5888734539103	7.842595067505398
8908000	-2800.646150377653	8019.0	-2808.794475702347	8.148325324693815
8909000	-2803.544424101391	8019.0	-2811.200184659488	7.6557605580968
8910000	-2804.1101677528245	8020.0	-2811.531562747999	7.421394995174694
8911000	-2806.9515318204167	8021.0	-2814.655084233664	7.703552413247298
8912000	-2803.3196586231998	8022.0	-2810.714195731888	7.3945371086884935
8913000	-2802.6027036022833	8023.0	-2809.9541807603036	7.3514771580204386
8914000	-2804.240419186925	8024.0	-2811.7928426967705	7.552423509845683
8915000	-2802.0854020168413	8025.0	-2810.234402013034	8.148999996192863
8916000	-2802.1300536403082	8026.0	-2810.107655928359	7.977602288050719
8917000	-2803.4439690688314	8027.0	-2810.3910809466083	6.947111877776807
8918000	-2804.3940016414813	8028.0	-2813.233680688101	8.839679046619395
8919000	-2804.35412718467	8028.0	-2811.529315038072	7.175187853402289
8920000	-2803.322608627187	8029.0	-2809.2320120513414	5.9094034241543145
8921000	-2802.8039735938396	8030.0	-2810.7123797470495	7.908406153209844
8922000	-2802.473421567836	8031.0	-2810.5089258455614	8.035504277725565
8923000	-2802.9268633618613	8032.0	-2810.185983989465	7.259120627603687
8924000	-2802.425092338124	8033.0	-2810.178942511301	7.753850173177069
8925000	-2803.496962942989	8034.0	-2811.1662967049524	7.669333761963375
8926000	-2802.996541638063	8035.0	-2811.1921267750404	8.195585136977662
8927000	-2803.1635497877364	8036.0	-2810.8732576790894	7.709707891352959
8928000	-2802.4918761576996	8037.0	-2810.502272703272	8.010396545572277
8929000	-2803.017994470594	8037.0	-2810.5218392544675	7.503844783873222
8930000	-2807.6541437981186	8038.0	-2816.206456709971	8.552312911852471
8931000	-2801.5918186310782	8039.0	-2809.7315960161277	8.139777385049669
8932000	-2803.4863531183755	8040.0	-2809.2766555412854	5.790302422909882
8933000	-2802.2210727527117	8041.0	-2810.968448336593	8.747375583881343
8934000	-2801.2323068292717	8042.0	-2809.9367158360315	8.704409006759978
8935000	-2801.627031135473	8043.0	-2809.6293911957496	8.002360060276839
8936000	-2804.1607338496324	8044.0	-2812.1632012773284	8.002467427696274
8937000	-2802.239185168639	8045.0	-2810.2773204085343	8.038135239895192
8938000	-2805.978249954428	8046.0	-2814.3935443549203	8.415294400492208
8939000	-2802.6432938355797	8046.0	-2810.979225823361	8.335931987781166
8940000	-2800.35910319422	8047.0	-2808.747488013617	8.388384819397
8941000	-2802.884322985372	8048.0	-2811.043788678966	8.159465693593877
8942000	-2802.265473672861	8049.0	-2809.8672617366037	7.601788063742696
8943000	-2801.3909016391594	8050.0	-2809.6189216881203	8.228020048960714
8944000	-2804.6773794115015	8051.0	-2812.956156782866	8.278777371364221
8945000	-2805.5820780256086	8052.0	-2811.010741446504	5.428663420895427
8946000	-2800.945196462277	8053.0	-2808.6707767475455	7.725580285268149
8947000	-2801.0769416773587	8054.0	-2809.4280770067858	8.35113532942718
8948000	-2801.6810742660227	8055.0	-2809.738412847283	8.057338581260227
8949000	-2807.1791688636677	8055.0	-2814.752812935264	7.573644071596363
8950000	-2805.9092390040164	8056.0	-2813.971019268121	8.061780264104355
8951000	-2802.516901882715	8057.0	-2810.038268001088	7.521366118373047
8952000	-2800.344106643161	8058.0	-2808.4227567745234	8.078650131362206
8953000	-2802.3325467218565	8059.0	-2810.3548351498935	8.02228842803699
8954000	-2802.8385767769814	8060.0	-2810.795296094002	7.956719317020379
8955000	-2802.253758095288	8061.0	-2809.7515512246314	7.497793129343128
8956000	-2803.8336454661885	8062.0	-2811.2163197591553	7.382674292967051
8957000	-2800.2736263046586	8063.0	-2808.4832819716853	8.209655667026595
8958000	-2801.3837542149313	8064.0	-2808.880123194432	7.496368979500849
8959000	-2801.898930275008	8064.0	-2809.5858256179563	7.686895342948356
8960000	-2800.778535954352	8065.0	-2808.325144419552	7.546608465200196
8961000	-2805.073945535127	8066.0	-2812.620931796733	7.5469862616059675
8962000	-2801.763769407334	8067.0	-2808.9480825201404	7.184313112806148
8963000	-2805.0499664803037	8068.0	-2812.7520861480516	7.702119667747995
8964000	-2801.731955356635	8069.0	-2808.8938039741683	7.161848617533433
8965000	-2801.252503488163	8070.0	-2809.748522567954	8.496019079790962
8966000	-2801.8842565410428	8071.0	-2809.2135078227916	7.32925128174872
8967000	-2802.745899314932	8072.0	-2810.4293228622028	7.68342354727065
8968000	-2803.076948991802	8073.0	-2809.994193652339	6.917244660536982
8969000	-2802.2852591830206	8073.0	-2809.5590996717287	7.273840488708081
8970000	-2800.565457118359	8074.0	-2808.656412271329	8.090955152969652
8971000	-2804.681528599082	8075.0	-2812.826924829066	8.145396229984003
8972000	-2801.344937280263	8076.0	-2809.3866593537523	8.041722073489561
8973000	-2803.096922089848	8077.0	-2810.7359354683754	7.6390133785278
8974000	-2803.4496388822013	8078.0	-2811.1575810581157	7.707942175914323
8975000	-2801.816478610615	8079.0	-2809.4320724941817	7.615593883566807
8976000	-2805.969265464292	8080.0	-2812.557723741041	6.58845827674899
8977000	-2805.419853055879	8081.0	-2812.3555274400856	6.935674384206999
8978000	-2805.080471617366	8082.0	-2812.942955710423	7.862484093057009
8979000	-2800.9689801264444	8082.0	-2809.235304161828	8.266324035383494
8980000	-2801.79067803662	8083.0	-2809.3157186800718	7.5250406434514
8981000	-2805.8692787078285	8084.0	-2814.4006654830737	8.531386775245258
8982000	-2804.7916888787004	8085.0	-2812.4214495689457	7.629760690245244
8983000	-2803.6160781455883	8086.0	-2811.959257471516	8.343179325928006
8984000	-2801.2250009480344	8087.0	-2809.42096466507	8.195963717035703
8985000	-2803.59347503006	8088.0	-2811.820565199003	8.227090168943201
8986000	-2804.2943099379063	8089.0	-2809.699776757248	5.405466819341697
8987000	-2806.2838747616956	8090.0	-2810.1065681051687	3.822693343473139
8988000	-2801.65505737475	8091.0	-2809.7979942786424	8.142936903892503
8989000	-2802.462544638952	8091.0	-2810.6700825323323	8.207537893380676
8990000	-2801.992949830114	8092.0	-2810.060221516613	8.067271686499023
8991000	-2802.0146250528946	8093.0	-2810.35736057816	8.342735525265045
8992000	-2801.7784240188225	8094.0	-2810.3156121797415	8.537188160918824
8993000	-2802.077785280446	8095.0	-2810.1841500081296	8.106364727683571
8994000	-2801.975366076847	8096.0	-2810.082057614033	8.106691537186274
8995000	-2801.862717378681	8097.0	-2810.051555901573	8.188838522891984
8996000	-2804.7144840879887	8098.0	-2812.411322213669	7.696838125680021
8997000	-2801.11322819981	8099.0	-2809.8827183579347	8.769490158124826
8998000	-2802.8220278611243	8100.0	-2810.4606856083924	7.638657747268093
8999000	-2802.851360698598	8100.0	-2810.6675628377866	7.816202139188569
9000000	-2802.14793092742	8101.0	-2810.5346619854467	8.386731058026738
9001000	-2801.7113593347176	8102.0	-2809.2402078228597	7.528848488142174
9002000	-2801.6231201870737	8103.0	-2808.7048381544846	7.081717967411073
9003000	-2802.9568340399665	8104.0	-2810.3509286160947	7.394094576128346
9004000	-2802.1234118591096	8105.0	-2810.1536420278617	8.03023016875218
9005000	-2804.7192912136484	8106.0	-2812.170789478665	7.451498265016657
9006000	-2800.9944190521683	8107.0	-2809.1059168376264	8.111497785458338
9007000	-2801.64203083515	8108.0	-2809.0140959355213	7.372065100371581
9008000	-2808.868694902499	8109.0	-2816.493013899519	7.624318997019901
9009000	-2804.7948074172054	8109.0	-2811.500304230455	6.7054968132498605
9010000	-2801.9442509824016	8110.0	-2810.312425096075	8.368174113673218
9011000	-2806.996739960971	8111.0	-2814.636662930399	7.63992296942791
9012000	-2802.001736864999	8112.0	-2810.563959862414	8.562222997414835
9013000	-2803.1513349348384	8113.0	-2810.9381889487895	7.786854013951149
9014000	-2802.807404395041	8114.0	-2810.7265889666155	7.919184571574329
9015000	-2805.0587510251808	8115.0	-2810.1766519229323	5.117900897751483
9016000	-2802.04803405988	8116.0	-2810.251615179472	8.203581119591938
9017000	-2803.5698443829583	8117.0	-2811.34032559545	7.770481212491425
9018000	-2805.6324422140965	8118.0	-2813.8023575821194	8.169915368022883
9019000	-2803.0606668464698	8118.0	-2809.9931434532887	6.932476606818918
9020000	-2802.6355428537877	8119.0	-2810.807362369981	8.171819516193526
9021000	-2800.6426263036533	8120.0	-2809.0487779209243	8.406151617271057
9022000	-2802.299679344577	8121.0	-2810.549275861385	8.249596516808332
9023000	-2802.557504127521	8122.0	-2810.1409845179396	7.583480390418359
9024000	-2801.340259836144	8123.0	-2809.281952237291	7.941692401147014
9025000	-2800.77360120273	8124.0	-2809.0755254030114	8.301924200281718
9026000	-2802.569897120087	8125.0	-2810.75434248563	8.184445365543212
9027000	-2805.363629384471	8126.0	-2814.360677821913	8.99704843744189
9028000	-2802.633935955341	8127.0	-2809.1338375009204	6.49990154557944
9029000	-2802.1957884828144	8127.0	-2810.550084221113	8.354295738298646
9030000	-2802.712385230092	8128.0	-2810.4801603388523	7.767775108760367
9031000	-2800.6081509895153	8129.0	-2808.6383435299854	8.030192540470285
9032000	-2801.8346154677997	8130.0	-2810.162621480211	8.328006012411148
9033000	-2800.7848509277665	8131.0	-2809.4344112755234	8.649560347757038
9034000	-2802.61397416021	8132.0	-2808.4232832553175	5.809309095107356
9035000	-2808.7815799129303	8133.0	-2816.916756020496	8.135176107565814
9036000	-2805.7241011295996	8134.0	-2813.0407997668535	7.316698637253968
9037000	-2801.237645172954	8135.0	-2809.341256262135	8.103611089181047
9038000	-2802.061556205333	8136.0	-2810.217847885807	8.156291680473823
9039000	-2803.0646641178128	8136.0	-2811.5351994836283	8.470535365815566
9040000	-2800.7677945161695	8137.0	-2808.909847974364	8.142053458194418
9041000	-2800.490907259803	8138.0	-2808.839220976568	8.34831371676495
9042000	-2802.1092067720465	8139.0	-2809.3416562017333	7.232449429686975
9043000	-2804.3271959080953	8140.0	-2811.086422245082	6.759226336986536
9044000	-2800.3940967213302	8141.0	-2808.6791351346324	8.28503841330211
9045000	-2803.2464515041993	8142.0	-2811.430762088123	8.184310583923804
9046000	-2805.1334098782027	8143.0	-2810.8168753888745	5.683465510671569
9047000	-2803.3462125618107	8144.0	-2810.953359222605	7.607146660794072
9048000	-2801.4024451217833	8145.0	-2809.550242305605	8.147797183821673
9049000	-2803.631296678173	8145.0	-2811.9323746402797	8.301077962106842
9050000	-2806.341755722718	8146.0	-2815.024662528215	8.682906805496685
9051000	-2801.938132594384	8147.0	-2809.11359256142	7.1754599670355494
9052000	-2804.4069064789373	8148.0	-2812.3276117907603	7.920705311823148
9053000	-2801.734028368365	8149.0	-2809.580913027082	7.846884658716723
9054000	-2801.454618766134	8150.0	-2809.61883912913	8.164220362995966
9055000	-2803.9582191301092	8151.0	-2812.665001339415	8.70678220930599
9056000	-2803.547423287677	8152.0	-2809.7384547420816	6.1910314544045555
9057000	-2801.444323449043	8153.0	-2809.9618011574453	8.517477708401994
9058000	-2802.7136272558346	8154.0	-2810.9827024759807	8.26907522014591
9059000	-2801.8216123859925	8154.0	-2809.713763773552	7.8921513875595615
9060000	-2801.5330689673433	8155.0	-2809.700931283299	8.167862315955617
9061000	-2804.65409190317	8156.0	-2812.5331338283972	7.879041925227494
9062000	-2802.2598322762756	8157.0	-2810.323238722055	8.06340644577951
9063000	-2802.782715958171	8158.0	-2810.480160184305	7.697444226133957
9064000	-2805.8085568920405	8159.0	-2810.0085248972814	4.199968005240951
9065000	-2803.263117957979	8160.0	-2812.0879481931834	8.82483023520458
9066000	-2801.247733841941	8161.0	-2809.691677308113	8.44394346617166
9067000	-2802.153704238051	8162.0	-2810.142285778531	7.988581540480143
9068000	-2804.8778755004346	8163.0	-2812.8839206842113	8.006045183776639
9069000	-2802.4911326972438	8163.0	-2810.6503635920003	8.159230894756337
9070000	-2802.4709147484227	8164.0	-2810.4799101315753	8.00899538315238
9071000	-2807.8057656114775	8165.0	-2817.0690652491485	9.263299637671
9072000	-2801.130520704265	8166.0	-2808.928780578093	7.798259873828312
9073000	-2803.3684709213085	8167.0	-2811.3322141953267	7.963743274018235
9074000	-2803.672862082757	8168.0	-2811.7608346231063	8.087972540349138
9075000	-2801.3192303856918	8169.0	-2809.3573435371604	8.038113151468675
9076000	-2803.223437586284	8170.0	-2811.144919896957	7.92148231067314
9077000	-2803.4938406124265	8171.0	-2811.518346066596	8.0245054541696
9078000	-2801.4802440882404	8172.0	-2809.876698366943	8.396454278702533
9079000	-2801.1970345241857	8172.0	-2809.5066048941617	8.309570369976004
9080000	-2801.3944077641027	8173.0	-2809.7670799308717	8.372672166769107
9081000	-2801.9420130718754	8174.0	-2809.8677473932266	7.925734321351312
9082000	-2804.099842836815	8175.0	-2812.373062432301	8.273219595486514
9083000	-2804.2330291524127	8176.0	-2811.6307891843026	7.397760031889769
9084000	-2804.858122897228	8177.0	-2812.0265284760253	7.168405578797379
9085000	-2801.323477591543	8178.0	-2809.137394420587	7.81391682904426
9086000	-2802.0312291749165	8179.0	-2810.0732372227503	8.042008047833972
9087000	-2806.4251960551205	8180.0	-2813.4529981210526	7.02780206593186
9088000	-2801.931681092022	8181.0	-2810.1376247149283	8.20594362290661
9089000	-2801.8170258972723	8181.0	-2810.195008835601	8.377982938328728
9090000	-2804.663881790426	8182.0	-2812.4483866113987	7.784504820972801
9091000	-2802.4332069365823	8183.0	-2810.768338001468	8.335131064885495
9092000	-2802.1197600644755	8184.0	-2810.5090278407133	8.389267776237986
9093000	-2800.9689159558793	8185.0	-2809.489891673745	8.520975717865793
9094000	-2805.0169388983636	8186.0	-2812.9292396312503	7.912300732886905
9095000	-2802.932450440704	8187.0	-2810.5235971037428	7.591146663038551
9096000	-2803.74190230468	8188.0	-2811.2822692062223	7.540366901542329
9097000	-2802.4698675573563	8189.0	-2810.568661560617	8.098794003260407
9098000	-2805.8760886654986	8190.0	-2813.823976607591	7.947887942092292
9099000	-2806.3355456156614	8190.0	-2814.587923637046	8.252378021384745
9100000	-2802.199121532974	8191.0	-2809.533321377739	7.334199844765131
9101000	-2802.3760890749763	8192.0	-2810.6261268181634	8.250037743187077
9102000	-2802.0405050019167	8193.0	-2810.0131111226247	7.972606120708014
9103000	-2803.115066596133	8194.0	-2811.0955673962803	7.980500800147391
9104000	-2800.968994549169	8195.0	-2809.2850057676865	8.31601121851722
9105000	-2801.6743195584736	8196.0	-2809.408425703715	7.7341061452411575
9106000	-2801.9961413667693	8197.0	-2809.900950976859	7.904809610089608
9107000	-2804.3673265392854	8198.0	-2812.0835177892654	7.716191249980225
9108000	-2805.431104381058	8199.0	-2813.3057047748293	7.874600393771293
9109000	-2802.8656161494587	8199.0	-2809.8961090399234	7.030492890464767
9110000	-2801.129109725064	8200.0	-2809.1468735047856	8.017763779721687
9111000	-2801.8904907057904	8201.0	-2809.896522350314	8.006031644523944
9112000	-2801.9702035290193	8202.0	-2810.7699942895824	8.799790760563113
9113000	-2804.3346991149538	8203.0	-2812.6106576455363	8.2759585305827
9114000	-2805.2516253209824	8204.0	-2813.2585460265045	8.006920705522024
9115000	-2802.8396824544852	8205.0	-2811.1054643195207	8.265781865035493
9116000	-2801.000175384883	8206.0	-2808.83580417334	7.835628788457356
9117000	-2802.2517379092997	8207.0	-2810.7672535214056	8.515515612106121
9118000	-2806.957916954733	8208.0	-2810.029485816893	3.071568862160307
9119000	-2804.997027746495	8208.0	-2813.305476388995	8.308448642499956
9120000	-2802.7783169936565	8209.0	-2810.8833539190896	8.105036925433048
9121000	-2800.5876436521	8210.0	-2808.705626280966	8.117982628866116
9122000	-2809.6699362867876	8211.0	-2817.136890222775	7.466953935987404
9123000	-2804.898067758394	8212.0	-2810.7334583663974	5.83539060800333
9124000	-2801.2785994362853	8213.0	-2809.7913909978924	8.512791561607152
9125000	-2803.356080020644	8214.0	-2810.985379956787	7.629299936142688
9126000	-2801.468993277435	8215.0	-2809.283855293918	7.814862016482925
9127000	-2804.4440371578403	8216.0	-2810.927996441259	6.483959283418832
9128000	-2804.790829831739	8217.0	-2812.565789201932	7.7749593701933435
9129000	-2802.718959277242	8217.0	-2811.2615100966887	8.542550819446596
9130000	-2803.8078277803993	8218.0	-2810.8164823413085	7.008654560909203
9131000	-2805.394318994197	8219.0	-2812.596600136919	7.202281142721853
9132000	-2802.323261059715	8220.0	-2810.512291530839	8.189030471123516
9133000	-2802.075867446826	8221.0	-2810.19366757049	8.117800123664045
9134000	-2802.200750622845	8222.0	-2810.5426607434893	8.341910120643943
9135000	-2802.4901745698285	8223.0	-2810.1596308740736	7.669456304245127
9136000	-2802.739895067493	8224.0	-2809.0978970658703	6.358001998377289
9137000	-2801.5001820885673	8225.0	-2809.8490043886145	8.348822300047022
9138000	-2805.050575599988	8226.0	-2812.666347547329	7.6157719473412255
9139000	-2804.8864009783756	8226.0	-2812.9062551628194	8.019854184443611
9140000	-2804.122451143061	8227.0	-2812.177624299192	8.05517315613095
9141000	-2804.6117638620467	8228.0	-2812.206443745764	7.5946798837172595
9142000	-2806.5378031590917	8229.0	-2812.7705029748413	6.232699815749362
9143000	-2806.4079104900793	8230.0	-2813.6942349227	7.286324432621058
9144000	-2800.917628616103	8231.0	-2809.3584655955597	8.440836979456767
9145000	-2800.908885159416	8232.0	-2809.3187716305965	8.409886471180474
9146000	-2803.3708044501327	8233.0	-2811.751854868311	8.381050418178209
9147000	-2804.397387468373	8234.0	-2813.0633802102348	8.665992741861995
9148000	-2802.400130622314	8235.0	-2810.2208367592552	7.820706136941212
9149000	-2801.7706337380428	8235.0	-2810.0237585612467	8.25312482320415
9150000	-2801.1863051848904	8236.0	-2809.1065622253864	7.920257040495826
9151000	-2804.171454620266	8237.0	-2810.668479696326	6.497025076059776
9152000	-2802.4464363803595	8238.0	-2810.4527046758617	8.006268295501993
9153000	-2803.7354199286538	8239.0	-2811.4721433824893	7.736723453835381
9154000	-2801.945107667439	8240.0	-2810.0577069657825	8.112599298343202
9155000	-2801.0368690764335	8241.0	-2808.7247028673887	7.687833790955092
9156000	-2801.9782074484897	8242.0	-2810.9136783447407	8.935470896250804
9157000	-2801.381647098679	8243.0	-2809.4731821430996	8.091535044420478
9158000	-2803.2064684069123	8244.0	-2809.8953586972025	6.688890290290089
9159000	-2803.213307086661	8244.0	-2811.621414856855	8.40810777019409
9160000	-2805.2970901572576	8245.0	-2811.285390344518	5.98830018726054
9161000	-2805.2399476144446	8246.0	-2812.4017573517363	7.161809737291777
9162000	-2802.836154573272	8247.0	-2811.0598381986483	8.223683625376623
9163000	-2801.420715462313	8248.0	-2809.52097408595	8.100258623636865
9164000	-2802.1617894039578	8249.0	-2810.0997890308217	7.937999626864007
9165000	-2805.3209548019568	8250.0	-2813.572835771917	8.251880969960519
9166000	-2801.601760238885	8251.0	-2809.755672482304	8.153912243418894
9167000	-2801.90073918699	8252.0	-2810.4666863635944	8.565947176604336
9168000	-2803.721653796902	8253.0	-2811.786723917566	8.065070120664336
9169000	-2801.356115032316	8253.0	-2809.83840554226	8.482290509943482
9170000	-2803.008245066925	8254.0	-2810.8819208263094	7.873675759384386
9171000	-2800.562847315349	8255.0	-2809.0286315671565	8.465784251807646
9172000	-2805.668813660146	8256.0	-2813.3430299726638	7.674216312517909
9173000	-2808.868198963192	8257.0	-2816.3463963659733	7.478197402781603
9174000	-2801.419412776488	8258.0	-2809.248531204832	7.829118428344059
9175000	-2803.6855986941705	8259.0	-2812.3344378520087	8.648839157838417
9176000	-2803.7764947228866	8260.0	-2811.321267490856	7.544772767969419
9177000	-2804.6618627605603	8261.0	-2810.428196863422	5.766334102861638
9178000	-2800.7882964647156	8262.0	-2809.224030964416	8.435734499700832
9179000	-2804.4166692953277	8262.0	-2811.1670886813945	6.750419386066975
9180000	-2802.2444622151156	8263.0	-2810.635666369004	8.39120415388817
9181000	-2804.2569521185555	8264.0	-2812.6835184702313	8.426566351675824
9182000	-2802.2656524621443	8265.0	-2810.765988816052	8.500336353907432
9183000	-2803.7520508653492	8266.0	-2811.2693775431467	7.517326677797481
9184000	-2802.9997851271733	8267.0	-2811.4645763445596	8.464791217386498
9185000	-2806.3089186535626	8268.0	-2814.4674970815713	8.158578428008788
9186000	-2802.581554731357	8269.0	-2810.9158188202964	8.334264088939372
9187000	-2801.466540090348	8270.0	-2809.365198810048	7.898658719699635
9188000	-2801.9027217908547	8271.0	-2809.707614600794	7.804892809939455
9189000	-2802.939187655418	8271.0	-2809.740649584726	6.801461929307765
9190000	-2800.596562053017	8272.0	-2809.114425108012	8.517863054995036
9191000	-2800.661314945726	8273.0	-2808.6024650704735	7.941150124747468
9192000	-2804.2041518648634	8274.0	-2811.2553210533324	7.05116918846911
9193000	-2805.959856456764	8275.0	-2813.2184450346836	7.2585885779195625
9194000	-2805.384264898816	8276.0	-2813.4836418501736	8.099376951357339
9195000	-2801.733999521515	8277.0	-2809.7340241668794	8.0000246453642
9196000	-2801.6204817094313	8278.0	-2809.744077621008	8.123595911576594
9197000	-2800.898320014738	8279.0	-2809.033135325062	8.134815310324054
9198000	-2801.7471308333456	8280.0	-2810.5487698228576	8.801638989511908
9199000	-2802.8311430375475	8280.0	-2811.268891203073	8.43774816552546
9200000	-2804.143393146678	8281.0	-2811.7867092811443	7.643316134466188
9201000	-2803.164552186204	8282.0	-2810.7169075593815	7.5523553731772965
9202000	-2802.8134742676166	8283.0	-2809.7005208079345	6.887046540318012
9203000	-2810.5639198911135	8284.0	-2816.623318677956	6.059398786842253
9204000	-2802.0402581072603	8285.0	-2810.1595612902097	8.119303182949412
9205000	-2804.3856080481005	8286.0	-2811.4252268818286	7.0396188337281265
9206000	-2802.015068949459	8287.0	-2810.054181722123	8.039112772664037
9207000	-2800.466490929107	8288.0	-2808.682403705515	8.215912776407968
9208000	-2804.780594422313	8289.0	-2812.4829213503267	7.7023269280136955
9209000	-2805.4620536285133	8289.0	-2813.0952662120235	7.633212583510014
9210000	-2805.897679359636	8290.0	-2813.588397112006	7.690717752369844
9211000	-2801.887674645307	8291.0	-2809.150308450644	7.262633805336775
9212000	-2803.410872508748	8292.0	-2811.544690308124	8.133817799375917
9213000	-2801.3275928966295	8293.0	-2809.8927831842143	8.565190287584638
9214000	-2801.1422129438615	8294.0	-2809.0400682682193	7.897855324357747
9215000	-2801.9288145464507	8295.0	-2809.823733658589	7.894919112138393
9216000	-2801.0512524198043	8296.0	-2809.6996937517883	8.648441331983808
9217000	-2802.0427632490364	8297.0	-2810.283860689262	8.241097440225406
9218000	-2802.420461688246	8298.0	-2810.703946864273	8.283485176026566
9219000	-2805.6803296411545	8298.0	-2814.2222809820514	8.541951340897018
9220000	-2800.7102164162607	8299.0	-2808.84153991853	8.131323502269403
9221000	-2802.301937254915	8300.0	-2811.192880176958	8.890942922042964
9222000	-2804.326224853385	8301.0	-2811.774349782832	7.448124929446672
9223000	-2805.7650858639076	8302.0	-2813.129117397608	7.364031533700326
9224000	-2801.719831739639	8303.0	-2809.5420488875284	7.822217147889124
9225000	-2801.6602320025795	8304.0	-2809.5850351343925	7.924803131812853
9226000	-2801.9331420705375	8305.0	-2810.207052299951	8.273910229413456
9227000	-2803.0156894609586	8306.0	-2811.3514885427467	8.335799081787977
9228000	-2804.120634061701	8307.0	-2813.012033782599	8.89139972089801
9229000	-2801.3157085538	8307.0	-2809.3977210122525	8.082012458452283
9230000	-2803.9917051706498	8308.0	-2812.297510561537	8.305805390887304
9231000	-2802.6627882383127	8309.0	-2810.703155513331	8.040367275018152
9232000	-2802.002172127715	8310.0	-2809.8307838276014	7.828611699886387
9233000	-2800.429596478898	8311.0	-2808.72247532884	8.292878849941914
9234000	-2800.6385745362477	8312.0	-2809.0374407309646	8.398866194716852
9235000	-2801.192941113152	8313.0	-2809.583436727758	8.390495614605946
9236000	-2805.8042548815524	8314.0	-2813.683823806969	7.879568925416496
9237000	-2800.202131552928	8315.0	-2808.532708909956	8.33057735702785
9238000	-2802.2265767616136	8316.0	-2810.0046893124318	7.778112550817935
9239000	-2805.6894243284214	8316.0	-2813.818105868831	8.128681540409495
9240000	-2804.2010800356	8317.0	-2810.697766683812	6.496686648211764
9241000	-2802.747890352785	8318.0	-2811.368906914851	8.62101656206579
9242000	-2806.256465305842	8319.0	-2811.9747392246677	5.718273918825616
9243000	-2803.9867511979865	8320.0	-2812.9589590796613	8.972207881674827
9244000	-2801.7477140379356	8321.0	-2809.4125698534285	7.664855815492966
9245000	-2802.182205355373	8322.0	-2809.757651299877	7.575445944504336
9246000	-2802.495251210004	8323.0	-2810.9892053446188	8.493954134614818
9247000	-2802.9751754109016	8324.0	-2811.741995808344	8.76682039744242
9248000	-2802.0964626629884	8325.0	-2808.8438537861475	6.7473911231589305
9249000	-2800.99855757777	8325.0	-2809.267542079574	8.268984501803791
9250000	-2804.4690091595653	8326.0	-2810.638919978732	6.169910819166382
9251000	-2804.0818866760796	8327.0	-2813.1479171990927	9.066030523013033
9252000	-2806.8028552173932	8328.0	-2814.160963909101	7.35810869170813
9253000	-2801.0491913427422	8329.0	-2809.6389401819215	8.589748839179311
9254000	-2804.686321423682	8330.0	-2812.4138091226328	7.727487698950695
9255000	-2803.3862635542055	8331.0	-2810.3879809009295	7.001717346723964
9256000	-2802.2249168062394	8332.0	-2810.1018864397493	7.876969633509599
9257000	-2800.892667286667	8333.0	-2809.666496392624	8.773829105957235
9258000	-2803.4150164241905	8334.0	-2811.21716013098	7.802143706789511
9259000	-2801.73502567806	8334.0	-2809.6521586797658	7.917133001705697
9260000	-2800.8932577980268	8335.0	-2808.9976539175336	8.104396119506973
9261000	-2801.1486138592954	8336.0	-2809.426224195746	8.27761033645017
9262000	-2804.2427039222116	8337.0	-2811.604738933346	7.362035011134633
9263000	-2805.5840627105213	8338.0	-2812.814488716565	7.230426006043785
9264000	-2801.8327078104717	8339.0	-2810.4547786863695	8.622070875897947
9265000	-2802.9462317845087	8340.0	-2810.9055292316525	7.959297447143901
9266000	-2801.3524218346383	8341.0	-2809.418171304022	8.0657494693839
9267000	-2808.254035440756	8342.0	-2809.2020026216683	0.9479671809122898
9268000	-2801.1540203906625	8343.0	-2809.637747665297	8.4837272746346
9269000	-2801.1890201855012	8343.0	-2809.4253173099955	8.236297124494506
9270000	-2804.5703475998757	8344.0	-2811.132431159141	6.562083559265308
9271000	-2804.106075109065	8345.0	-2809.741848960651	5.635773851586145
9272000	-2801.69587471577	8346.0	-2809.957963549368	8.262088833597861
9273000	-2805.4552440171105	8347.0	-2813.9828121417995	8.527568124688914
9274000	-2801.1899965497237	8348.0	-2809.1489221896977	7.958925639973842
9275000	-2801.6995920198624	8349.0	-2809.8857698512384	8.186177831375812
9276000	-2806.534912591307	8350.0	-2814.6358305757904	8.100917984483248
9277000	-2804.828270690218	8351.0	-2812.912511951232	8.08424126101395
9278000	-2802.2018195351134	8352.0	-2809.905072153789	7.7032526186759505
9279000	-2801.7725091037223	8352.0	-2809.756174035519	7.98366493179662
9280000	-2803.2008480157383	8353.0	-2811.326156270911	8.125308255172493
9281000	-2802.572749549807	8354.0	-2809.273536051278	6.7007865014705015
9282000	-2802.9856841116666	8355.0	-2811.3504961153453	8.36481200367864
9283000	-2803.296161407766	8356.0	-2810.9812976156745	7.685136207908588
9284000	-2801.588404997866	8357.0	-2810.038779324552	8.4503743266859
9285000	-2803.2675614400814	8358.0	-2808.9892511629855	5.721689722904015
9286000	-2803.431629748978	8359.0	-2811.9477845518195	8.516154802841477
9287000	-2800.467639132038	8360.0	-2808.712545113459	8.244905981420853
9288000	-2804.5726371726755	8361.0	-2813.0286233994457	8.455986226770317
9289000	-2801.5666013227687	8361.0	-2810.039159602762	8.472558279993562
9290000	-2800.7206910377795	8362.0	-2809.1942328093646	8.473541771585044
9291000	-2803.0168184093154	8363.0	-2811.210786588409	8.193968179093746
9292000	-2803.5821091959388	8364.0	-2811.274535845031	7.692426649092379
9293000	-2803.752507353472	8365.0	-2811.2561743997885	7.503667046316356
9294000	-2800.6748390987455	8366.0	-2809.0954723140107	8.42063321526551
9295000	-2802.9045702229905	8367.0	-2810.88689596552	7.982325742529802
9296000	-2805.1831051663294	8368.0	-2812.473519717284	7.2904145509545275
9297000	-2801.5820709377267	8369.0	-2809.7867324582094	8.204661520482633
9298000	-2804.2118996212603	8370.0	-2812.3041428769984	8.092243255738232
9299000	-2804.5798040985696	8370.0	-2811.497343357	6.91753925843001
9300000	-2805.5972530393383	8371.0	-2814.4177465527287	8.820493513390321
9301000	-2803.8413444689086	8372.0	-2811.0211352330844	7.179790764175594
9302000	-2801.517596546993	8373.0	-2809.664219924887	8.146623377894084
9303000	-2805.9531793655224	8374.0	-2814.0198185637246	8.066639198202356
9304000	-2800.6843164661045	8375.0	-2808.633969478041	7.949653011936507
9305000	-2804.7866229283486	8376.0	-2812.221625933293	7.435003004944577
9306000	-2801.0012582200757	8377.0	-2808.6125469800304	7.611288759954554
9307000	-2802.71725016701	8378.0	-2811.461257916776	8.744007749765846
9308000	-2803.1476654479443	8379.0	-2810.871125473951	7.723460026006543
9309000	-2803.326871055367	8379.0	-2811.2659870055527	7.939115950185421
9310000	-2802.08915210878	8380.0	-2810.2251041363816	8.135952027601366
9311000	-2800.635273234638	8381.0	-2809.025033273304	8.38976003866583
9312000	-2800.6504483769672	8382.0	-2808.6417351976474	7.991286820680075
9313000	-2801.9265339044664	8383.0	-2809.502785290853	7.5762513863867165
9314000	-2802.4864232775185	8384.0	-2809.4735167079366	6.987093430418163
9315000	-2801.2326490243677	8385.0	-2809.261024817641	8.02837579327341
9316000	-2802.284535295247	8386.0	-2809.2387364163374	6.954201121090227
9317000	-2802.9051103112465	8387.0	-2809.1092293250845	6.204119013838086
9318000	-2803.8504188943166	8388.0	-2811.4118469116315	7.5614280173147534
9319000	-2804.0453069734294	8388.0	-2811.5561251063823	7.510818132953077
9320000	-2803.555071014264	8389.0	-2811.8705306367488	8.315459622485104
9321000	-2801.1241170330995	8390.0	-2809.3122840145925	8.188166981492914
9322000	-2804.5941723417504	8391.0	-2811.676116190698	7.081943848947428
9323000	-2802.6637045614398	8392.0	-2810.4780270849647	7.814322523524979
9324000	-2803.4521273665887	8393.0	-2812.1699509904547	8.717823623865975
9325000	-2800.600081887377	8394.0	-2808.8530401115568	8.252958224179618
9326000	-2800.175409147286	8395.0	-2808.6012182406257	8.425809093339943
9327000	-2800.608357263011	8396.0	-2808.7911470227277	8.182789759716988
9328000	-2800.1806117969936	8397.0	-2808.577947577437	8.397335780443528
9329000	-2802.688841246928	8397.0	-2810.0820230261243	7.393181779196128
9330000	-2801.741426595494	8398.0	-2809.730045592005	7.988618996511089
9331000	-2801.745665046252	8399.0	-2809.433437881869	7.6877728356172454
9332000	-2803.8664605997296	8400.0	-2812.532072665088	8.665612065358545
9333000	-2802.1751826408986	8401.0	-2810.530927192283	8.355744551384252
9334000	-2800.8247192488307	8402.0	-2808.9153766213894	8.090657372558635
9335000	-2802.9704923715844	8403.0	-2810.0921840230876	7.121691651503027
9336000	-2804.890576570765	8404.0	-2813.744190427071	8.85361385630591
9337000	-2801.0942403538465	8405.0	-2809.3358007017905	8.241560347943889
9338000	-2800.445843820635	8406.0	-2808.741678628285	8.295834807649968
9339000	-2808.484855515126	8406.0	-2814.6270923570255	6.142236841899599
9340000	-2803.031928392143	8407.0	-2811.1056078774436	8.073679485300453
9341000	-2805.4023339845253	8408.0	-2811.5875335128057	6.185199528280258
9342000	-2800.8915574545044	8409.0	-2809.3292352400185	8.437677785514056
9343000	-2803.1654425136903	8410.0	-2811.154586894921	7.989144381230892
9344000	-2803.553650414647	8411.0	-2810.4307309898804	6.877080575233228
9345000	-2802.4383565898715	8412.0	-2810.4257462691485	7.987389679277087
9346000	-2801.2253990178297	8413.0	-2809.4270401196454	8.201641101815762
9347000	-2802.772820917919	8414.0	-2810.2993248371567	7.526503919237538
9348000	-2803.6787742929755	8415.0	-2811.2751177772357	7.596343484260035
9349000	-2800.800860900773	8415.0	-2809.2293066387874	8.428445738014343
9350000	-2801.7963935426415	8416.0	-2809.787441677193	7.991048134551582
9351000	-2801.9784489315502	8417.0	-2809.98286913709	8.00442020553986
9352000	-2800.8219410605225	8418.0	-2809.022315184706	8.200374124183199
9353000	-2806.258838250238	8419.0	-2814.557374644591	8.298536394353164
9354000	-2807.3028521752567	8420.0	-2812.833790254527	5.530938079269889
9355000	-2803.208021004872	8421.0	-2810.9392068579837	7.731185853111385
9356000	-2803.83614677553	8422.0	-2811.8971615778614	8.061014802331751
9357000	-2800.673336851234	8423.0	-2809.021885910442	8.348549059207851
9358000	-2801.9800868160405	8424.0	-2809.657673450352	7.677586634311553
9359000	-2804.0675349008256	8424.0	-2811.2946204450045	7.227085544178658
9360000	-2805.3812450873797	8425.0	-2812.684527557565	7.303282470185517
9361000	-2802.3610982219907	8426.0	-2810.375886271152	8.014788049161245
9362000	-2805.754693971278	8427.0	-2813.057446193845	7.30275222256725
9363000	-2807.587438053228	8428.0	-2814.138157447594	6.55071939436569
9364000	-2803.1036923049014	8429.0	-2810.5539694488484	7.45027714394678
9365000	-2801.7330858776418	8430.0	-2810.29129129413	8.55820541648852
9366000	-2801.6135785459583	8431.0	-2809.5206855548427	7.907107008884255
9367000	-2804.040000583453	8432.0	-2811.4163188164503	7.3763182329970975
9368000	-2801.5038392610663	8433.0	-2809.263655779358	7.7598165182914896
9369000	-2801.3448569968837	8433.0	-2809.3031206759765	7.958263679092888
9370000	-2804.795165613563	8434.0	-2810.1628722023916	5.367706588828787
9371000	-2803.414514383395	8435.0	-2811.5700679075935	8.155553524198867
9372000	-2802.6959555478516	8436.0	-2810.76896852376	8.07301297590856
9373000	-2801.4523041943403	8437.0	-2809.945839570876	8.493535376535682
9374000	-2801.942917748532	8438.0	-2810.108414703799	8.165496955266956
9375000	-2801.51583695565	8439.0	-2809.6635682197725	8.147731264122557
9376000	-2801.5231680812744	8440.0	-2810.395360634317	8.87219255304276
9377000	-2801.2663406193515	8441.0	-2809.1522520195276	7.885911400176255
9378000	-2801.1336539562753	8442.0	-2809.017868231919	7.884214275643533
9379000	-2801.646074537412	8442.0	-2809.8115186475197	8.165444110107659
9380000	-2803.0058299378434	8443.0	-2810.833281290074	7.827451352230684
9381000	-2801.5695213771855	8444.0	-2809.554309281761	7.984787904575411
9382000	-2801.8517655968544	8445.0	-2809.426952726988	7.575187130133625
9383000	-2800.760304528987	8446.0	-2809.2598618230495	8.49955729406231
9384000	-2804.0961247227724	8447.0	-2810.0436349665215	5.9475102437491785
9385000	-2801.9528607708116	8448.0	-2809.3242098567134	7.3713490859017705
9386000	-2806.0045963635616	8449.0	-2813.72992761188	7.72533124831866
9387000	-2802.398269001453	8450.0	-2809.3137587041656	6.915489702712398
9388000	-2801.3974275303553	8451.0	-2809.5313644272223	8.133936896867198
9389000	-2801.3845822445815	8451.0	-2810.0128393096616	8.628257065080135
9390000	-2801.056775165177	8452.0	-2808.7735140135374	7.716738848360266
9391000	-2801.5273873122433	8453.0	-2809.8050162397635	8.277628927520215
9392000	-2802.3579818986877	8454.0	-2809.9316919939492	7.573710095261632
9393000	-2802.939556176732	8455.0	-2811.365159233751	8.425603057019167
9394000	-2803.7265447902682	8456.0	-2812.2263274236398	8.499782633371405
9395000	-2801.181720184187	8457.0	-2809.265995084319	8.084274900131986
9396000	-2801.7930995549027	8458.0	-2810.035715219151	8.24261566424843
9397000	-2805.598997893742	8459.0	-2812.409095420098	6.810097526356051
9398000	-2800.452368561626	8460.0	-2808.65921694677	8.20684838514408
9399000	-2801.817379181552	8460.0	-2809.7600132964626	7.942634114910572
9400000	-2800.9545128075474	8461.0	-2809.0492474068574	8.094734599309954
9401000	-2803.3538085191185	8462.0	-2810.6823259185553	7.328517399436663
9402000	-2801.9231029411344	8463.0	-2809.9859893532025	8.062886412067893
9403000	-2802.401300174366	8464.0	-2810.7601032072785	8.358803032912459
9404000	-2803.1296498597794	8465.0	-2809.8470857511643	6.717435891384769
9405000	-2805.8121472422995	8466.0	-2814.1304706786473	8.318323436347768
9406000	-2801.1405742371853	8467.0	-2809.3402110802	8.199636843014556
9407000	-2802.97252985684	8468.0	-2810.718791801347	7.746261944506783
9408000	-2801.70486702262	8469.0	-2809.79321982858	8.088352805959651
9409000	-2803.763808155536	8469.0	-2810.5898021193734	6.825993963837459
9410000	-2801.679038045492	8470.0	-2809.841243572098	8.162205526605952
9411000	-2803.5109957320997	8471.0	-2811.389340805147	7.878345073047585
9412000	-2801.709054647071	8472.0	-2809.637568707436	7.928514060365093
9413000	-2802.1170035199702	8473.0	-2809.704953141843	7.587949621872818
9414000	-2804.1335095612853	8474.0	-2812.195998197738	8.062488636452404
9415000	-2802.3504608209514	8475.0	-2810.163052249151	7.812591428199594
9416000	-2801.7553817369153	8476.0	-2810.3115559173375	8.556174180422365
9417000	-2804.975952707819	8477.0	-2809.9084460452295	4.932493337410509
9418000	-2805.3250981595593	8478.0	-2813.572936782851	8.247838623291493
9419000	-2802.0916742793465	8478.0	-2809.7142063073566	7.622532028009905
9420000	-2800.648081423155	8479.0	-2808.9276190128035	8.27953758964835
9421000	-2804.630479679911	8480.0	-2812.1011290530396	7.470649373128523
9422000	-2803.483602879811	8481.0	-2810.7012638250903	7.21766094527926
9423000	-2805.732328333973	8482.0	-2813.522346313238	7.790017979265045
9424000	-2802.1242407632867	8483.0	-2809.6430048402417	7.518764076955002
9425000	-2801.2614990506536	8484.0	-2809.3348549297243	8.073355879070633
9426000	-2805.8517557123773	8485.0	-2813.391593685296	7.539837972918712
9427000	-2805.0634798285664	8486.0	-2812.643503950225	7.580024121658545
9428000	-2802.2064285539604	8487.0	-2811.079394028773	8.872965474812423
9429000	-2800.548738818456	8487.0	-2808.3235502677535	7.77481144929746
9430000	-2805.3879885405227	8488.0	-2813.235247914529	7.84725937400626
9431000	-2801.9131294719814	8489.0	-2809.0413804586083	7.128250986626755
9432000	-2804.721813537737	8490.0	-2811.762537969262	7.04072443152517
9433000	-2805.2353154097345	8491.0	-2813.4542594163077	8.21894400657304
9434000	-2802.5821984879667	8492.0	-2810.7595292639403	8.177330775973473
9435000	-2804.412434662176	8493.0	-2812.4346370276785	8.022202365502377
9436000	-2800.9573773123298	8494.0	-2809.3292255443052	8.371848231975633
9437000	-2803.306954191834	8495.0	-2811.568432801862	8.261478610028027
9438000	-2800.643401655274	8496.0	-2808.7219677391017	8.078566083827717
9439000	-2802.879485297213	8496.0	-2810.9437701215616	8.064284824348864
9440000	-2801.6379344313445	8497.0	-2809.9775969286566	8.33966249731209
9441000	-2802.957965535041	8498.0	-2811.2006736547155	8.242708119674539
9442000	-2802.8940723339756	8499.0	-2811.608563461191	8.714491127215423
9443000	-2803.7397039921357	8500.0	-2809.890088278528	6.15038428639223
9444000	-2805.6050171108463	8501.0	-2813.277021395888	7.672004285041522
9445000	-2804.053580323371	8502.0	-2811.821965934706	7.76838561133496
9446000	-2808.262218171799	8503.0	-2815.955917645356	7.693699473556853
9447000	-2804.5525701517154	8504.0	-2811.280098483633	6.727528331917579
9448000	-2810.3637534714303	8505.0	-2816.8697347647844	6.505981293354241
9449000	-2801.489171882067	8505.0	-2808.895193593695	7.406021711628113
9450000	-2801.4532470162076	8506.0	-2809.775800796137	8.322553779929464
9451000	-2802.884574771098	8507.0	-2810.8068075496553	7.922232778557183
9452000	-2803.7254405731337	8508.0	-2811.6348435738746	7.909403000740845
9453000	-2801.725172186422	8509.0	-2809.727349852967	8.002177666545238
9454000	-2804.2736957842953	8510.0	-2811.07621482966	6.802519045364569
9455000	-2800.7612088593464	8511.0	-2809.0984083765907	8.337199517244159
9456000	-2803.3525778454973	8512.0	-2811.749392425695	8.396814580197749
9457000	-2803.837568927521	8513.0	-2811.7570014174958	7.919432489975106
9458000	-2802.8639898953693	8514.0	-2810.228974219269	7.364984323899398
9459000	-2803.5229260581855	8514.0	-2810.81987597953	7.296949921344621
9460000	-2802.786617067585	8515.0	-2810.7197466491757	7.933129581590418
9461000	-2800.289740784412	8516.0	-2808.6222047498723	8.332463965460317
9462000	-2802.5141701821	8517.0	-2810.7371240811376	8.222953899037561
9463000	-2801.4491313694257	8518.0	-2809.489592957459	8.040461588033612
9464000	-2802.2312742058457	8519.0	-2809.556719195836	7.325444989990479
9465000	-2802.6278688109924	8520.0	-2810.40442590584	7.776557094847908
9466000	-2802.71227347381	8521.0	-2809.6806975944583	6.968424120648118
9467000	-2803.251346179093	8522.0	-2811.1345242530174	7.883178073924269
9468000	-2801.6099758614614	8523.0	-2809.2570615641293	7.647085702668047
9469000	-2802.6531657234327	8523.0	-2810.42128970003	7.7681239765968355
9470000	-2804.0230858846585	8524.0	-2811.9780617497127	7.95497586505438
9471000	-2802.5854236511154	8525.0	-2810.7095682879312	8.124144636815695
9472000	-2805.8449982276093	8526.0	-2812.7798257664153	6.934827538805875
9473000	-2802.5091455259753	8527.0	-2811.2487492919363	8.73960376596102
9474000	-2803.6749953047442	8528.0	-2811.7054779115374	8.030482606793356
9475000	-2802.082132901227	8529.0	-2810.182272505831	8.100139604603921
9476000	-2803.820815732732	8530.0	-2811.7424845552505	7.9216688225181064
9477000	-2801.034975550434	8531.0	-2808.86128110983	7.8263055593960855
9478000	-2802.9293164690976	8532.0	-2811.3419743760073	8.412657906909962
9479000	-2802.510104927527	8532.0	-2809.926089666457	7.415984738929667
9480000	-2806.1913049472646	8533.0	-2813.1576464748678	6.966341527602963
9481000	-2807.654693001624	8534.0	-2813.1755341560056	5.520841154381648
9482000	-2801.3216000564275	8535.0	-2809.3188930866836	7.997293030256114
9483000	-2801.058646728784	8536.0	-2809.414193460185	8.355546731400954
9484000	-2802.9049742635134	8537.0	-2809.125023732516	6.220049469002663
9485000	-2801.529183311926	8538.0	-2809.155654213955	7.6264709020293395
9486000	-2803.5402329966732	8539.0	-2811.8518798371433	8.311646840469953
9487000	-2801.878520360686	8540.0	-2809.2705077789224	7.391987418236563
9488000	-2804.7539216749115	8541.0	-2813.479026907223	8.725105232311957
9489000	-2804.0682822589592	8541.0	-2811.6698220221715	7.601539763212444
9490000	-2800.30493394046	8542.0	-2808.604045612653	8.29911167219257
9491000	-2802.8785737605763	8543.0	-2810.724280092921	7.845706332344675
9492000	-2802.3340579870737	8544.0	-2810.3904154838415	8.056357496767559
9493000	-2801.8679466252083	8545.0	-2809.600741364115	7.732794738906706
9494000	-2801.0192531949438	8546.0	-2809.3605715525146	8.341318357570792
9495000	-2805.0391569605667	8547.0	-2810.2315255855265	5.192368624959746
9496000	-2801.867892327068	8548.0	-2810.394327303723	8.526434976654894
9497000	-2801.353049991538	8549.0	-2809.2134616556964	7.860411664158655
9498000	-2801.4739978638236	8550.0	-2809.6056227427107	8.131624878887283
9499000	-2802.5669149365353	8550.0	-2809.8576025124084	7.290687575872961
9500000	-2801.5804391882616	8551.0	-2810.3369313055355	8.756492117273881
9501000	-2801.1876093866795	8552.0	-2808.990238044286	7.802628657606574
9502000	-2800.885636563843	8553.0	-2809.031543271776	8.145906707933117
9503000	-2801.1384177277578	8554.0	-2808.6440493782043	7.505631650446659
9504000	-2803.8644666643336	8555.0	-2811.286182599899	7.421715935565499
9505000	-2801.172375707778	8556.0	-2809.5804038626047	8.40802815482683
9506000	-2801.8671526182025	8557.0	-2809.7588104216134	7.89165780341071
9507000	-2801.095002794708	8558.0	-2809.4141357303165	8.31913293560859
9508000	-2802.7497787639545	8559.0	-2811.290929806175	8.541151042220415
9509000	-2801.5323859836894	8559.0	-2809.458059554393	7.925673570703476
9510000	-2802.301725399252	8560.0	-2810.3074540455846	8.005728646332301
9511000	-2807.1731541799268	8561.0	-2814.6861955259847	7.513041346057703
9512000	-2802.13098001762	8562.0	-2809.939173425583	7.808193407962888
9513000	-2808.251331856141	8563.0	-2814.774941734314	6.523609878173006
9514000	-2801.4636333514177	8564.0	-2808.9901414647384	7.526508113320619
9515000	-2800.9935039067273	8565.0	-2809.5668063523963	8.573302445668936
9516000	-2802.066697214701	8566.0	-2810.1754432174234	8.108746002722635
9517000	-2801.275298209883	8567.0	-2809.9618448028423	8.68654659295913
9518000	-2805.177276620137	8568.0	-2813.6247839517337	8.447507331596832
9519000	-2800.8886511083733	8568.0	-2808.7589880141854	7.870336905811948
9520000	-2801.773035321278	8569.0	-2809.8554123166095	8.082376995331959
9521000	-2803.2070979221744	8570.0	-2811.3200263171693	8.112928394994796
9522000	-2802.273558013516	8571.0	-2810.365644016355	8.092086002839114
9523000	-2803.9353563574364	8572.0	-2812.3017852160806	8.366428858644369
9524000	-2805.5173066216744	8573.0	-2812.9272802709065	7.409973649231922
9525000	-2802.2546421853353	8574.0	-2810.214947232696	7.9603050473605474
9526000	-2803.93299069703	8575.0	-2811.318202192401	7.385211495370854
9527000	-2801.39453858836	8576.0	-2809.353218578245	7.958679989885338
9528000	-2802.1043008709057	8577.0	-2809.841360745544	7.73705987463856
9529000	-2803.490817003858	8577.0	-2812.325332019026	8.834515015168325
9530000	-2805.198264701533	8578.0	-2813.605853490015	8.40758878848177
9531000	-2803.3330796685955	8579.0	-2811.0067595968835	7.6736799282880135
9532000	-2803.6890337447912	8580.0	-2811.7827947789433	8.093761034152045
9533000	-2805.6975331279205	8581.0	-2813.9622008497627	8.264667721842333
9534000	-2804.20147633113	8582.0	-2812.412479036963	8.211002705833126
9535000	-2801.798643768821	8583.0	-2809.490864096156	7.692220327335053
9536000	-2801.420996636032	8584.0	-2809.8540503743843	8.433053738352292
9537000	-2804.9026768633867	8585.0	-2812.728190747278	7.82551388389124
9538000	-2802.0936389257704	8586.0	-2810.1640529677506	8.070414041980282
9539000	-2804.5786376304177	8586.0	-2811.975207738626	7.396570108208508
9540000	-2802.60549733278	8587.0	-2811.0218440968665	8.41634676408632
9541000	-2801.799023829718	8588.0	-2810.1255194901887	8.326495660470718
9542000	-2803.525973411334	8589.0	-2812.1987156377036	8.672742226369873
9543000	-2802.7081876723505	8590.0	-2810.1931434003104	7.484955727959835
9544000	-2804.9737328226042	8591.0	-2812.8798397120468	7.906106889442302
9545000	-2801.182652040884	8592.0	-2809.3764488864617	8.193796845577877
9546000	-2800.62454221948	8593.0	-2808.7348061316015	8.11026391212128
9547000	-2801.737343445276	8594.0	-2809.3041109354463	7.566767490170335
9548000	-2801.928768562073	8595.0	-2809.3310144756883	7.402245913615336
9549000	-2801.0937525172967	8595.0	-2809.492083402194	8.398330884897572
9550000	-2804.6074357860143	8596.0	-2812.7537999103442	8.146364124329782
9551000	-2803.520904088896	8597.0	-2811.5348537170685	8.013949628172808
9552000	-2804.637579441913	8598.0	-2813.45230733523	8.814727893316984
9553000	-2800.446172735232	8599.0	-2808.6992811902364	8.253108455004728
9554000	-2801.3709361938736	8600.0	-2809.7629238512045	8.391987657330967
9555000	-2806.3342297138365	8601.0	-2813.6376028934233	7.303373179586559
9556000	-2801.366644561828	8602.0	-2809.1145781070754	7.747933545247815
9557000	-2801.21712923472	8603.0	-2809.3204749094657	8.103345674746057
9558000	-2801.6750182000073	8604.0	-2808.8852835242183	7.210265324211013
9559000	-2802.9607459505955	8604.0	-2811.3156857362414	8.354939785646005
9560000	-2803.9377845777744	8605.0	-2811.77935960236	7.841575024585284
9561000	-2801.539129279989	8606.0	-2810.0630681323946	8.523938852405646
9562000	-2804.2044494231636	8607.0	-2811.8846400144603	7.680190591296653
9563000	-2804.985070976648	8608.0	-2812.8661230261664	7.881052049518395
9564000	-2801.7866332039084	8609.0	-2809.834814099857	8.048180895948414
9565000	-2802.6752280373366	8610.0	-2810.9636560350864	8.288427997749853
9566000	-2803.102394850924	8611.0	-2811.238177000219	8.135782149294622
9567000	-2801.9382894013306	8612.0	-2810.475393473943	8.537104072612065
9568000	-2805.23490069858	8613.0	-2810.8149964639783	5.580095765398344
9569000	-2801.9948784821863	8613.0	-2809.9799923947903	7.985113912604095
9570000	-2801.278956202846	8614.0	-2809.493573914214	8.214617711367644
9571000	-2801.694643555447	8615.0	-2808.939566964288	7.2449234088414185
9572000	-2802.429150416133	8616.0	-2809.545399998471	7.1162495823383995
9573000	-2803.6548135062053	8617.0	-2811.524889946456	7.8700764402504015
9574000	-2800.720049691592	8618.0	-2809.1791982263867	8.45914853479442
9575000	-2802.408316780596	8619.0	-2810.410545672708	8.002228892111658
9576000	-2800.5422529249186	8620.0	-2808.8257537261993	8.283500801280777
9577000	-2803.485592264527	8621.0	-2811.382988390155	7.897396125628093
9578000	-2800.328734985873	8622.0	-2808.5939518519026	8.265216866029675
9579000	-2802.718503545999	8622.0	-2811.1870082299597	8.468504683960976
9580000	-2800.841106784892	8623.0	-2808.9488292780443	8.10772249315215
9581000	-2803.690754333954	8624.0	-2812.148733825595	8.457979491641062
9582000	-2804.444570744167	8625.0	-2812.2872655888914	7.842694844724732
9583000	-2801.1414976919987	8626.0	-2809.398754508226	8.257256816227262
9584000	-2804.1829290657774	8627.0	-2811.762660193203	7.579731127425544
9585000	-2809.084082157381	8628.0	-2818.0903108941075	9.006228736726415
9586000	-2801.7439809882485	8629.0	-2810.2502625760285	8.506281587779945
9587000	-2802.103510475975	8630.0	-2810.6835478626003	8.580037386625548
9588000	-2802.50901445441	8631.0	-2811.069217951418	8.56020349700798
9589000	-2802.9936888992843	8631.0	-2810.700256024958	7.706567125673528
9590000	-2801.9242418692515	8632.0	-2809.9774519806165	8.053210111364875
9591000	-2801.8377993165245	8633.0	-2810.1458823121648	8.308082995640204
9592000	-2803.8517617109223	8634.0	-2811.5396731214587	7.687911410536302
9593000	-2801.7211293547866	8635.0	-2808.927274674093	7.206145319306414
9594000	-2801.812507836779	8636.0	-2810.271743712047	8.459235875267918
9595000	-2803.4210872351623	8637.0	-2812.28856514648	8.867477911317565
9596000	-2803.4506816193652	8638.0	-2812.196739773581	8.746058154215834
9597000	-2800.5974237348373	8639.0	-2809.0381001178375	8.440676383000154
9598000	-2802.0549035713207	8640.0	-2810.1670091071373	8.11210553581674
9599000	-2802.078824932525	8640.0	-2810.010700447322	7.931875514797071
9600000	-2803.537464889797	8641.0	-2811.519731949652	7.9822670598551895
9601000	-2805.729326696595	8642.0	-2813.349006705637	7.619680009042074
9602000	-2804.2990742800525	8643.0	-2812.100762892483	7.801688612430646
9603000	-2803.7127657634733	8644.0	-2811.6268773384013	7.914111574927951
9604000	-2803.160856765819	8645.0	-2811.6421644558313	8.4813076900121
9605000	-2803.5523150892113	8646.0	-2811.2173572423135	7.6650421531022515
9606000	-2803.307948841375	8647.0	-2809.3198829559665	6.01193411459145
9607000	-2802.0855295161696	8648.0	-2809.9834153086713	7.897885792501554
9608000	-2803.307806730461	8649.0	-2809.255660054928	5.947853324466765
9609000	-2803.0055407555137	8649.0	-2811.288318486786	8.282777731272217
9610000	-2804.0978420409597	8650.0	-2812.1655043755386	8.06766233457887
9611000	-2802.296808071292	8651.0	-2809.5288366766276	7.232028605335685
9612000	-2802.179283953893	8652.0	-2810.5926211071824	8.413337153289474
9613000	-2802.6987164205934	8653.0	-2810.9425638032685	8.243847382674936
9614000	-2800.7122408127166	8654.0	-2809.1302883078242	8.418047495107686
9615000	-2800.681655478247	8655.0	-2809.0898490479303	8.408193569683139
9616000	-2802.374613461873	8656.0	-2809.7649154313854	7.390301969512009
9617000	-2801.894951724951	8657.0	-2810.0174040599823	8.12245233503089
9618000	-2802.813642290855	8658.0	-2811.5766915869417	8.76304929608669
9619000	-2801.932518166082	8658.0	-2810.293640736754	8.361122570671906
9620000	-2800.5834135375526	8659.0	-2808.697349483386	8.113935945833216
9621000	-2801.365763608113	8660.0	-2809.813677234452	8.44791362633882
9622000	-2802.787719095728	8661.0	-2810.5439914482467	7.756272352518907
9623000	-2802.7208651223814	8662.0	-2810.5745388050013	7.853673682620107
9624000	-2801.1182604022265	8663.0	-2809.0036869061164	7.885426503890044
9625000	-2801.3407861429314	8664.0	-2809.3149577704353	7.9741716275037025
9626000	-2801.9096203728723	8665.0	-2808.9132612569233	7.0036408840510065
9627000	-2803.8555202031257	8666.0	-2811.9534839700555	8.09796376692963
9628000	-2801.0764453695315	8667.0	-2809.5368816011555	8.4604362316241
9629000	-2803.9126151084038	8667.0	-2810.9667412878666	7.054126179462817
9630000	-2801.432411072897	8668.0	-2809.55384076362	8.121429690722822
9631000	-2802.1669950763126	8669.0	-2810.4991526141566	8.332157537843905
9632000	-2802.193461860383	8670.0	-2809.991308329869	7.797846469485573
9633000	-2803.4472627146456	8671.0	-2811.5053615462416	8.058098831595906
9634000	-2801.1973312923146	8672.0	-2809.3843937760275	8.18706248371306
9635000	-2802.5756205943776	8673.0	-2809.586402918416	7.01078232403834
9636000	-2803.9920693526656	8674.0	-2811.4552795629984	7.4632102103328695
9637000	-2802.0257845186206	8675.0	-2809.390061813777	7.364277295156133
9638000	-2802.9391373473727	8676.0	-2811.1615628042046	8.222425456831814
9639000	-2802.2091794988814	8676.0	-2810.3310922228593	8.121912723977964
9640000	-2802.9712215890368	8677.0	-2810.9339713425748	7.96274975353795
9641000	-2805.241148663659	8678.0	-2813.1921116835974	7.950963019938607
9642000	-2801.1593063818977	8679.0	-2809.5909933859116	8.43168700401398
9643000	-2803.5077036934736	8680.0	-2811.9234093082055	8.415705614732099
9644000	-2802.4290139774503	8681.0	-2811.1446604469406	8.715646469490363
9645000	-2803.899444466951	8682.0	-2810.370590733137	6.4711462661856975
9646000	-2802.1272379702154	8683.0	-2809.3325054036586	7.205267433443238
9647000	-2802.1838023219707	8684.0	-2810.6676028200322	8.483800498061704
9648000	-2801.864967136322	8685.0	-2810.055131391621	8.190164255299331
9649000	-2801.3899605056695	8685.0	-2809.8250821538986	8.435121648229282
9650000	-2801.073504625377	8686.0	-2809.450832095493	8.377327470115485
9651000	-2804.3751030026256	8687.0	-2811.807869074002	7.432766071376696
9652000	-2805.9001050009674	8688.0	-2812.755716425937	6.855611424969709
9653000	-2802.473140490168	8689.0	-2810.1605543847445	7.687413894576274
9654000	-2806.4021077979514	8690.0	-2814.3423909671005	7.940283169149209
9655000	-2801.3715081608566	8691.0	-2809.626556288083	8.255048127226399
9656000	-2801.5516607058967	8692.0	-2809.917361312921	8.365700607024309
9657000	-2804.1192894632522	8693.0	-2810.9616586369384	6.8423691736863494
9658000	-2802.3703409245823	8694.0	-2810.912869397776	8.542528473193515
9659000	-2800.853251888213	8694.0	-2808.8423652797856	7.9891133915726105
9660000	-2803.943290884017	8695.0	-2812.3544892308673	8.4111983468501
9661000	-2801.7477953795046	8696.0	-2809.9149002044664	8.16710482496161
9662000	-2802.167155797094	8697.0	-2810.937649597927	8.7704938008326
9663000	-2803.7829269912836	8698.0	-2811.3171161757678	7.534189184484293
9664000	-2802.385885411331	8699.0	-2810.7502800577313	8.364394646400118
9665000	-2802.384726634434	8700.0	-2810.0946731637027	7.709946529268438
9666000	-2804.881186534495	8701.0	-2812.152901255089	7.271714720593959
9667000	-2801.451379246487	8702.0	-2809.6489052226316	8.197525976144902
9668000	-2806.430996562757	8703.0	-2814.74440295704	8.313406394282826
9669000	-2803.2049670047327	8703.0	-2811.332262046472	8.127295041739384
9670000	-2802.1676048340914	8704.0	-2810.0508286490794	7.883223814987957
9671000	-2803.123761404683	8705.0	-2810.8202599329297	7.696498528246637
9672000	-2801.9727175528456	8706.0	-2810.5730523214643	8.600334768618886
9673000	-2804.2823850784443	8707.0	-2812.0195744390135	7.737189360569007
9674000	-2805.709747347459	8708.0	-2814.3362595033814	8.626512155922367
9675000	-2806.9631422166776	8709.0	-2815.4345558783034	8.471413661625839
9676000	-2804.0754513417455	8710.0	-2812.14235391331	8.066902571564874
9677000	-2803.0582313103214	8711.0	-2811.396980344634	8.338749034312498
9678000	-2802.6413378101934	8712.0	-2811.282514395745	8.641176585551385
9679000	-2804.1083588939878	8712.0	-2811.480650551699	7.372291657711248
9680000	-2802.6199888214155	8713.0	-2810.6431906874013	8.023201865985659
9681000	-2802.772086875389	8714.0	-2811.1986643217383	8.426577446349402
9682000	-2801.6970061820143	8715.0	-2809.5445623927712	7.8475562107571415
9683000	-2804.4196960949816	8716.0	-2813.1899108135954	8.77021471861358
9684000	-2803.9512508362905	8717.0	-2811.023834628043	7.0725837917524546
9685000	-2801.793830396056	8718.0	-2809.4083463442043	7.61451594814856
9686000	-2802.4703088400884	8719.0	-2810.482960778889	8.012651938800602
9687000	-2800.8280549404526	8720.0	-2808.947212487772	8.119157547319588
9688000	-2803.055128168957	8721.0	-2811.917116503164	8.861988334207016
9689000	-2800.7720786375808	8721.0	-2809.3454174649514	8.573338827370739
9690000	-2802.8522487457317	8722.0	-2811.1055336056133	8.25328485988165
9691000	-2801.965939134017	8723.0	-2810.654176717773	8.688237583756175
9692000	-2801.2491453611938	8724.0	-2809.8107510537347	8.561605692540901
9693000	-2801.4853343126942	8725.0	-2809.643857305025	8.158522992330564
9694000	-2803.8671439015397	8726.0	-2811.9079073229846	8.04076342144498
9695000	-2805.0989474319754	8727.0	-2812.923500378974	7.824552946998716
9696000	-2802.6527953792092	8728.0	-2811.2591534043595	8.606358025150046
9697000	-2805.5910406046037	8729.0	-2813.317897476961	7.726856872357473
9698000	-2801.3745677361035	8730.0	-2809.8380448629596	8.463477126856038
9699000	-2804.2006729264444	8730.0	-2811.6231407084633	7.422467782019081
9700000	-2805.0811251139885	8731.0	-2812.5396319187857	7.458506804797308
9701000	-2805.6159760422693	8732.0	-2813.045001710888	7.429025668618484
9702000	-2801.565997943323	8733.0	-2809.5034502265917	7.937452283268815
9703000	-2805.1318143455783	8734.0	-2812.8266418396834	7.694827494105025
9704000	-2804.7808960344287	8735.0	-2810.6822542562895	5.901358221861065
9705000	-2804.6826561638	8736.0	-2812.848518571096	8.16586240729617
9706000	-2802.554072357462	8737.0	-2810.6580104625727	8.10393810511076
9707000	-2800.8030333363554	8738.0	-2809.201530232664	8.398496896308828
9708000	-2804.2826498347195	8739.0	-2811.9256204717794	7.642970637059906
9709000	-2800.72761011659	8739.0	-2809.0553907818335	8.327780665243537
9710000	-2803.882079337791	8740.0	-2812.7330762555594	8.850996917768535
9711000	-2803.7088989294443	8741.0	-2811.0842633496027	7.3753644201584665
9712000	-2805.407798232664	8742.0	-2813.410012486079	8.002214253414701
9713000	-2806.737384776979	8743.0	-2814.3912114330983	7.653826656119179
9714000	-2805.6366690231807	8744.0	-2813.5204681366868	7.8837991135062095
9715000	-2801.3687383061365	8745.0	-2809.43015411886	8.061415812723666
9716000	-2803.922587716558	8746.0	-2812.153445265525	8.230857548966945
9717000	-2800.7520411184196	8747.0	-2809.007455865877	8.255414747457504
9718000	-2802.899283218087	8748.0	-2809.6247994007267	6.725516182639714
9719000	-2802.70217739357	8748.0	-2810.0793183594546	7.377140965884897
9720000	-2802.8053737986234	8749.0	-2809.7925234226786	6.987149624055164
9721000	-2807.5398526518543	8750.0	-2810.685732244476	3.1458795926221175
9722000	-2805.531159038741	8751.0	-2813.539350287731	8.008191248990196
9723000	-2805.7059630111326	8752.0	-2813.4562390499796	7.750276038847163
9724000	-2804.174724925053	8753.0	-2810.673834041848	6.499109116794822
9725000	-2802.479360214765	8754.0	-2810.7856504239858	8.306290209220789
9726000	-2804.5802153260106	8755.0	-2813.1075520361255	8.52733671011495
9727000	-2805.0217694678604	8756.0	-2810.18037463159	5.158605163729559
9728000	-2805.547330906194	8757.0	-2813.31803597119	7.7707050649962195
9729000	-2801.7456597549726	8757.0	-2809.90230995865	8.156650203677795
9730000	-2806.2970260685	8758.0	-2812.0159841590594	5.71895809055915
9731000	-2805.351789544141	8759.0	-2812.203449151909	6.851659607767822
9732000	-2807.7161019929003	8760.0	-2815.0731833886002	7.35708139569984
9733000	-2801.6939675844296	8761.0	-2809.918162578454	8.224194994024398
9734000	-2802.5019877827044	8762.0	-2810.0659788880585	7.563991105353921
9735000	-2804.543049667707	8763.0	-2810.929367933728	6.386318266021172
9736000	-2802.8629613530825	8764.0	-2810.665614338324	7.802652985241226
9737000	-2802.748703543433	8765.0	-2810.380108184063	7.631404640629892
9738000	-2800.803718947721	8766.0	-2809.0024183281403	8.19869938041958
9739000	-2804.7910138468	8766.0	-2811.937842747267	7.146828900466859
9740000	-2800.99962788288	8767.0	-2809.4760169441124	8.476389061232648
9741000	-2800.8294630351784	8768.0	-2809.073943111097	8.244480075918343
9742000	-2803.815980336922	8769.0	-2809.431180165605	5.615199828682817
9743000	-2801.5777140512514	8770.0	-2809.8104560418515	8.23274199060015
9744000	-2801.0534040130965	8771.0	-2808.730000204159	7.676596191062409
9745000	-2803.1002349648456	8772.0	-2811.922917677741	8.822682712895602
9746000	-2804.474730929119	8773.0	-2809.8861449513533	5.411414022234526
9747000	-2802.1844798238717	8774.0	-2810.2910892404157	8.106609416543801
9748000	-2804.0098260953687	8775.0	-2812.6532937834486	8.643467688080015
9749000	-2803.5911284250315	8775.0	-2812.0388211052687	8.447692680237267
9750000	-2803.32257651519	8776.0	-2811.6238913688726	8.301314853682582
9751000	-2804.0832635323054	8777.0	-2810.6322377995484	6.548974267242879
9752000	-2803.0211411819005	8778.0	-2810.9218373472	7.900696165299308
9753000	-2802.8081755047747	8779.0	-2810.9223579772374	8.114182472462964
9754000	-2802.2214132561035	8780.0	-2810.0859229654907	7.864509709387342
9755000	-2802.3583678744208	8781.0	-2810.254945604953	7.896577730531845
9756000	-2802.670695285689	8782.0	-2810.7393170207924	8.068621735103578
9757000	-2801.1835546934353	8783.0	-2809.520726374654	8.337171681218567
9758000	-2803.3890954791973	8784.0	-2811.6550650183403	8.265969539142993
9759000	-2803.1911298840446	8784.0	-2811.072338645705	7.881208761660076
9760000	-2800.995117981121	8785.0	-2808.716806210472	7.72168822935099
9761000	-2802.5401748154236	8786.0	-2810.760377140144	8.220202324720535
9762000	-2803.570664467228	8787.0	-2811.969869937455	8.399205470226862
9763000	-2800.814713943383	8788.0	-2809.288664611123	8.473950667739675
9764000	-2802.3660676892387	8789.0	-2809.9005623202033	7.534494630964551
9765000	-2802.0885929813344	8790.0	-2810.0155265858293	7.926933604494928
9766000	-2806.505281568519	8791.0	-2815.0420583206983	8.536776752179403
9767000	-2801.7255403425584	8792.0	-2809.787053749188	8.061513406629508
9768000	-2801.8131771285057	8793.0	-2809.720542184109	7.907365055603161
9769000	-2803.982897205203	8793.0	-2811.861491613664	7.878594408461075
9770000	-2801.1627403771395	8794.0	-2809.1902242776996	8.02748390056031
9771000	-2801.4570555531186	8795.0	-2809.4652188565997	8.008163303481105
9772000	-2800.5734054212567	8796.0	-2808.7750491594106	8.201643738153832
9773000	-2810.405643943148	8797.0	-2818.4646378770703	8.058993933922329
9774000	-2800.6172226677945	8798.0	-2808.5771317272024	7.959909059407666
9775000	-2802.664505433128	8799.0	-2809.6388936091025	6.974388175974504
9776000	-2801.06933831592	8800.0	-2809.014867793445	7.945529477524978
9777000	-2805.9236623599477	8801.0	-2813.985341146065	8.061678786117065
9778000	-2806.471926605615	8802.0	-2814.501408003358	8.029481397742849
9779000	-2802.8611237004816	8802.0	-2810.6983167537073	7.837193053225585
9780000	-2805.0230486787195	8803.0	-2813.1083072920446	8.085258613324942
9781000	-2804.0038145818726	8804.0	-2811.1745836350333	7.1707690531607975
9782000	-2801.60098891482	8805.0	-2809.3199802825766	7.7189913677566295
9783000	-2801.3779283889544	8806.0	-2809.8366889943854	8.458760605430898
9784000	-2802.1570775408654	8807.0	-2810.1772960296976	8.020218488832185
9785000	-2801.3466577995277	8808.0	-2809.742481916809	8.395824117281558
9786000	-2800.3443711796403	8809.0	-2808.7193143785657	8.374943198925218
9787000	-2805.7241335849576	8810.0	-2813.1625237255867	7.4383901406291875
9788000	-2802.030004967708	8811.0	-2810.316095388542	8.286090420834167
9789000	-2802.1416876337066	8811.0	-2808.95532272049	6.813635086783707
9790000	-2803.056518967187	8812.0	-2810.685782039929	7.629263072741957
9791000	-2805.172471035218	8813.0	-2812.8299097166187	7.65743868140027
9792000	-2803.065695804654	8814.0	-2810.857658229213	7.7919624245593795
9793000	-2803.2472623400768	8815.0	-2811.4010511363977	8.153788796320827
9794000	-2801.2357177795757	8816.0	-2809.435210452759	8.199492673183283
9795000	-2804.8872230913144	8817.0	-2811.797636256212	6.910413164897648
9796000	-2800.6962528300955	8818.0	-2809.0010777661632	8.304824936067572
9797000	-2802.6327587098085	8819.0	-2811.0539322959207	8.421173586112316
9798000	-2804.9606195139067	8820.0	-2812.772598356604	7.8119788426972505
9799000	-2805.3796175877055	8820.0	-2812.1962412411035	6.816623653397843
9800000	-2802.838169407714	8821.0	-2809.923141796128	7.08497238841444
9801000	-2801.0219942397075	8822.0	-2809.172625254761	8.150631015053543
9802000	-2801.7434748875153	8823.0	-2809.9301100835646	8.186635196049178
9803000	-2802.107860980029	8824.0	-2809.4202415886552	7.312380608626568
9804000	-2802.4028765202124	8825.0	-2810.4300427244334	8.027166204221041
9805000	-2802.740054269641	8826.0	-2810.319289102042	7.57923483240132
9806000	-2802.547908083246	8827.0	-2810.6078902678337	8.059982184587408
9807000	-2801.2900026228795	8828.0	-2809.0521422174884	7.762139594608993
9808000	-2800.530300838656	8829.0	-2808.761684116652	8.231383277996018
9809000	-2803.5448590704486	8829.0	-2810.949790824722	7.4049317542735515
9810000	-2803.5015196879126	8830.0	-2812.098376526539	8.596856838626723
9811000	-2802.204052795442	8831.0	-2811.021811216955	8.817758421513313
9812000	-2801.7482362129213	8832.0	-2809.4408031965113	7.69256698359021
9813000	-2805.1819174650195	8833.0	-2813.6872135122508	8.505296047231312
9814000	-2805.3877472981285	8834.0	-2811.4399022803527	6.052154982224412
9815000	-2804.4368140502374	8835.0	-2813.3442480357103	8.907433985472958
9816000	-2802.1790022331143	8836.0	-2810.3431922238715	8.164189990757269
9817000	-2801.7124878332243	8837.0	-2810.3595716817326	8.647083848508439
9818000	-2801.949320205344	8838.0	-2809.9146257661146	7.965305560770629
9819000	-2805.9997430223316	8838.0	-2814.0014336211634	8.001690598831876
9820000	-2803.15080562736	8839.0	-2811.0892400926678	7.938434465307699
9821000	-2802.2195312148674	8840.0	-2810.8315866336166	8.612055418749197
9822000	-2804.187633844372	8841.0	-2812.4824702302712	8.29483638589929
9823000	-2802.5190248161975	8842.0	-2810.7155812317815	8.196556415584112
9824000	-2800.898125768072	8843.0	-2809.148253137451	8.250127369378585
9825000	-2801.9618511584354	8844.0	-2809.9683201761486	8.00646901771344
9826000	-2805.5364278284906	8845.0	-2812.4259039240906	6.8894760955999415
9827000	-2801.468796994259	8846.0	-2808.9384837449047	7.469686750646042
9828000	-2804.7275663417045	8847.0	-2809.949893198615	5.2223268569106995
9829000	-2804.0318593884726	8847.0	-2812.063960215926	8.032100827453043
9830000	-2804.0105990185375	8848.0	-2812.0196396990027	8.009040680465404
9831000	-2807.447811362538	8849.0	-2815.168404995648	7.720593633110167
9832000	-2807.7530758032194	8850.0	-2815.8223990499882	8.069323246768688
9833000	-2805.339009949604	8851.0	-2813.9294843064863	8.590474356882343
9834000	-2802.582704873072	8852.0	-2809.627109217984	7.044404344911867
9835000	-2804.414064357191	8853.0	-2810.7794322304176	6.365367873226782
9836000	-2802.2978808435223	8854.0	-2809.9094648380096	7.611583994487166
9837000	-2803.328650713522	8855.0	-2811.169350723683	7.8407000101608
9838000	-2802.561080865647	8856.0	-2811.0883798689456	8.527299003298626
9839000	-2801.5069647869013	8856.0	-2809.987484133045	8.48051934614401
9840000	-2807.840291800651	8857.0	-2816.820840081855	8.980548281203859
9841000	-2803.586964470056	8858.0	-2811.989769988202	8.40280551814595
9842000	-2803.794072140111	8859.0	-2808.6364946440044	4.842422503893422
9843000	-2802.875904887158	8860.0	-2811.5703570341707	8.694452147012814
9844000	-2803.0029279890937	8861.0	-2811.3555577228994	8.352629733805617
9845000	-2801.367290299076	8862.0	-2809.527395719804	8.160105420728303
9846000	-2800.4149979669037	8863.0	-2808.7323423893545	8.317344422450596
9847000	-2802.116647430534	8864.0	-2809.966983957199	7.850336526664918
9848000	-2804.6665715265976	8865.0	-2812.138273359802	7.471701833204362
9849000	-2804.441941860327	8865.0	-2811.5396907041704	7.0977488438434495
9850000	-2802.252206637901	8866.0	-2809.1561714545346	6.903964816633669
9851000	-2801.000358542596	8867.0	-2809.180478849993	8.180120307397072
9852000	-2801.65179297017	8868.0	-2809.8843051439626	8.232512173792738
9853000	-2803.4754935349574	8869.0	-2812.1494347452253	8.673941210267872
9854000	-2804.653019831942	8870.0	-2810.7966807460903	6.143660914148409
9855000	-2801.0470430370174	8871.0	-2808.832893675606	7.785850638588502
9856000	-2801.8643989436737	8872.0	-2809.8661784884653	8.001779544791638
9857000	-2805.388822062196	8873.0	-2813.7678415434834	8.379019481287408
9858000	-2803.2068120304543	8874.0	-2810.8315466475165	7.6247346170623
9859000	-2803.413542197268	8874.0	-2809.709497409974	6.295955212706517
9860000	-2805.0387419529106	8875.0	-2813.498452846541	8.459710893630369
9861000	-2802.456309787023	8876.0	-2810.0072542812336	7.550944494210429
9862000	-2803.329549928564	8877.0	-2811.3372582996617	8.00770837109771
9863000	-2801.078875214287	8878.0	-2809.0757720156416	7.996896801354742
9864000	-2803.2367071961435	8879.0	-2810.4158215420484	7.179114345904907
9865000	-2801.9163693033893	8880.0	-2809.7745611430933	7.858191839703922
9866000	-2803.821763062531	8881.0	-2811.392603169754	7.570840107223101
9867000	-2802.322536466252	8882.0	-2810.6719711606497	8.349434694397365
9868000	-2806.9406895197803	8883.0	-2815.9644176244833	9.023728104702805
9869000	-2801.9349211015415	8883.0	-2810.0148756459566	8.079954544415063
9870000	-2802.070145481303	8884.0	-2809.6647040616836	7.594558580380615
9871000	-2801.3807323331152	8885.0	-2809.4388561836136	8.058123850498246
9872000	-2802.8762418391734	8886.0	-2810.3572481495758	7.481006310402433
9873000	-2802.0990998447237	8887.0	-2810.407265642831	8.308165798107314
9874000	-2803.035700146726	8888.0	-2811.456946281118	8.421246134391845
9875000	-2801.012775109767	8889.0	-2809.3001106813335	8.287335571566516
9876000	-2803.126382234523	8890.0	-2810.851943692593	7.725561458070137
9877000	-2802.6507471090586	8891.0	-2810.6383746639594	7.987627554900741
9878000	-2805.3849266680663	8892.0	-2812.7292299020623	7.3443032339961105
9879000	-2804.219251694947	8892.0	-2813.053535791206	8.834284096258601
9880000	-2800.7391723225533	8893.0	-2808.8692825781463	8.13011025559289
9881000	-2803.0133526233003	8894.0	-2811.663998688938	8.650646065637918
9882000	-2803.2414870549705	8895.0	-2810.1478613682125	6.906374313242048
9883000	-2800.404058560544	8896.0	-2808.5445696651645	8.140511104620636
9884000	-2803.242596203283	8897.0	-2810.751513468884	7.5089172656006475
9885000	-2800.20308604574	8898.0	-2808.6435703886077	8.440484342867911
9886000	-2801.856917179536	8899.0	-2809.848479135962	7.991561956425623
9887000	-2804.3041481149685	8900.0	-2812.599692475924	8.295544360955375
9888000	-2802.097046653503	8901.0	-2810.171278808522	8.074232155018775
9889000	-2803.1214391616713	8901.0	-2810.0495467203964	6.928107558725186
9890000	-2803.5884476481456	8902.0	-2810.117454561676	6.5290069135304645
9891000	-2805.1019096884847	8903.0	-2812.546377983115	7.444468294629924
9892000	-2807.858863551369	8904.0	-2816.6682173806266	8.809353829257773
9893000	-2802.4887096331827	8905.0	-2808.636835946039	6.148126312856194
9894000	-2801.70363905065	8906.0	-2809.841105681305	8.137466630654949
9895000	-2806.759403578447	8907.0	-2814.3381097835218	7.57870620507491
9896000	-2802.75224174606	8908.0	-2810.38548284203	7.633241095970024
9897000	-2802.656412033773	8909.0	-2811.044390502958	8.38797846918481
9898000	-2800.9701302043427	8910.0	-2808.620777980889	7.6506477765465695
9899000	-2802.7020583157187	8910.0	-2810.799322919701	8.09726460398238
9900000	-2803.2253816187254	8911.0	-2811.3656902179396	8.140308599214034
9901000	-2800.8500549002356	8912.0	-2809.4221073097815	8.572052409545734
9902000	-2804.9472947150666	8913.0	-2811.4058416568623	6.458546941795586
9903000	-2802.8452474128608	8914.0	-2811.5466851765286	8.701437763667984
9904000	-2801.8234266642953	8915.0	-2810.66183284569	8.838406181394355
9905000	-2801.019767045872	8916.0	-2809.5132594746183	8.493492428746528
9906000	-2801.836920226973	8917.0	-2810.469817076457	8.632896849483988
9907000	-2803.034682035664	8918.0	-2810.5742152215676	7.539533185903356
9908000	-2804.140902745861	8919.0	-2811.7812476221166	7.640344876255914
9909000	-2804.699080578589	8919.0	-2811.9066741322313	7.207593553642352
9910000	-2803.7331040304157	8920.0	-2811.968886397738	8.23578236732246
9911000	-2802.149972002817	8921.0	-2810.809447719238	8.65947571642121
9912000	-2807.108026952015	8922.0	-2814.597795686562	7.4897687345472175
9913000	-2801.451909564197	8923.0	-2809.618302724511	8.166393160313783
9914000	-2801.016242728709	8924.0	-2809.5084139019114	8.492171173202129
9915000	-2801.6556597548183	8925.0	-2810.152535930153	8.496876175334847
9916000	-2800.801358508647	8926.0	-2808.761414208802	7.960055700154937
9917000	-2802.443729806029	8927.0	-2809.6835202518823	7.239790445853516
9918000	-2802.283371227396	8928.0	-2811.231733877963	8.948362650567146
9919000	-2802.150668058758	8928.0	-2809.948200883232	7.797532824473835
9920000	-2801.567437149611	8929.0	-2809.7900959518597	8.222658802248539
9921000	-2801.4396332561714	8930.0	-2809.073763745824	7.63413048965298
9922000	-2803.381054517066	8931.0	-2811.7719666502335	8.390912133167795
9923000	-2803.8423758265426	8932.0	-2811.7513079084165	7.908932081873866
9924000	-2804.01434084211	8933.0	-2812.0150433148647	8.00070247275489
9925000	-2802.1206298078964	8934.0	-2810.251306679168	8.130676871271536
9926000	-2801.3696990846233	8935.0	-2809.42944262667	8.059743542046819
9927000	-2801.03121662702	8936.0	-2809.385051385558	8.353834758537921
9928000	-2800.925254132134	8937.0	-2808.7396594157535	7.8144052836197115
9929000	-2801.5606631450864	8937.0	-2810.096446316129	8.535783171042425
9930000	-2801.619040646978	8938.0	-2809.6033246917996	7.984284044821522
9931000	-2806.2841571812814	8939.0	-2814.473254800621	8.189097619339432
9932000	-2801.067013780554	8940.0	-2809.6442905292124	8.577276748658065
9933000	-2802.2659680270117	8941.0	-2810.0192503173294	7.753282290317661
9934000	-2804.1180488754003	8942.0	-2809.6315244983152	5.513475622915016
9935000	-2803.5371894222567	8943.0	-2811.616625908309	8.079436486052328
9936000	-2801.128523440601	8944.0	-2809.363868228942	8.235344788341084
9937000	-2800.7061058384143	8945.0	-2809.1062287916748	8.400122953260555
9938000	-2800.383081260803	8946.0	-2808.413097544419	8.030016283615959
9939000	-2801.872026827668	8946.0	-2809.765781799865	7.893754972197413
9940000	-2800.687938330401	8947.0	-2808.9770928269986	8.289154496597657
9941000	-2800.8521436125748	8948.0	-2808.995560469235	8.143416856660433
9942000	-2803.147844199049	8949.0	-2811.484315633661	8.336471434612285
9943000	-2803.3391847807106	8950.0	-2811.4123775138596	8.073192733148945
9944000	-2803.44162689645	8951.0	-2811.3535105908827	7.911883694432464
9945000	-2804.690879815591	8952.0	-2813.1947858259023	8.503906010311345
9946000	-2801.9447583902534	8953.0	-2809.979579817498	8.034821427244342
9947000	-2806.473152462761	8954.0	-2814.0601829615143	7.587030498753576
9948000	-2803.0138668713994	8955.0	-2811.6185957595226	8.604728888123292
9949000	-2800.427625116609	8955.0	-2808.7500617677697	8.32243665116067
9950000	-2801.693774148507	8956.0	-2808.799912124642	7.106137976135027
9951000	-2805.780790694401	8957.0	-2813.331120786079	7.550330091677785
9952000	-2802.9232849423806	8958.0	-2810.725459765646	7.802174823265378
9953000	-2803.953465422726	8959.0	-2812.7579409534774	8.804475530751649
9954000	-2802.692745169547	8960.0	-2810.482426098746	7.789680929199088
9955000	-2802.6660939983544	8961.0	-2809.513959711652	6.847865713297792
9956000	-2802.187628817472	8962.0	-2810.1350399071957	7.947411089723444
9957000	-2800.927482076915	8963.0	-2809.1485609471883	8.221078870273418
9958000	-2803.2246626412666	8964.0	-2811.0948695910893	7.870206949822451
9959000	-2805.589219849931	8964.0	-2814.5673513907473	8.978131540816229
9960000	-2806.993847114881	8965.0	-2813.3080598273627	6.314212712481538
9961000	-2802.209755683249	8966.0	-2810.4723613162323	8.262605632983163
9962000	-2809.430151733867	8967.0	-2816.9236037886517	7.493452054784284
9963000	-2801.127682006819	8968.0	-2808.7505189397666	7.622836932947273
9964000	-2804.4859477385808	8969.0	-2812.282909949503	7.7969622109221435
9965000	-2801.134017539346	8970.0	-2809.4787826434886	8.344765104142287
9966000	-2804.0460676082325	8971.0	-2811.815030567197	7.768962958964413
9967000	-2801.398921681332	8972.0	-2809.298555740302	7.899634058970376
9968000	-2803.1847692972033	8973.0	-2811.359140551105	8.174371253901688
9969000	-2805.9434269383714	8973.0	-2814.2393700859348	8.295943147563332
9970000	-2801.091075959487	8974.0	-2809.3955278328654	8.304451873377982
9971000	-2801.0444875201347	8975.0	-2809.180754317431	8.136266797296097
9972000	-2801.8466298944454	8976.0	-2810.154850438679	8.308220544233944
9973000	-2801.277766693518	8977.0	-2809.191483686325	7.913716992806749
9974000	-2800.6826230858755	8978.0	-2809.0267452552075	8.344122169331966
9975000	-2801.7145158818366	8979.0	-2810.4621014117124	8.747585529875666
9976000	-2803.2301922156034	8980.0	-2810.824568181025	7.594375965421449
9977000	-2809.2667968282726	8981.0	-2816.92558920855	7.65879238027729
9978000	-2802.741558334342	8982.0	-2811.0132438166515	8.271685482309556
9979000	-2801.0689678467565	8982.0	-2809.4055217933083	8.336553946551915
9980000	-2801.218127550855	8983.0	-2809.642250773077	8.424123222222162
9981000	-2801.2182878017384	8984.0	-2809.540164423536	8.321876621797694
9982000	-2803.953245842647	8985.0	-2811.934908274991	7.981662432343866
9983000	-2802.1226583879265	8986.0	-2809.8798453695013	7.757186981574557
9984000	-2803.2286105454564	8987.0	-2810.606874033463	7.378263488006503
9985000	-2803.236948233242	8988.0	-2809.5060936084583	6.269145375216155
9986000	-2806.26222811567	8989.0	-2814.397094783139	8.134866667468955
9987000	-2801.553936953726	8990.0	-2809.428673034731	7.874736081005193
9988000	-2805.2183434251037	8991.0	-2813.2647410264335	8.046397601329893
9989000	-2802.7568430184347	8991.0	-2810.7981935445573	8.041350526122562
9990000	-2802.0047179536286	8992.0	-2810.7870951659224	8.782377212293797
9991000	-2800.89745525466	8993.0	-2809.012345802367	8.114890547706501
9992000	-2805.4446323394714	8994.0	-2810.4270094929648	4.982377153493438
9993000	-2803.828714105945	8995.0	-2812.1326725952013	8.303958489256086
9994000	-2802.866902498575	8996.0	-2810.911869650061	8.044967151485501
9995000	-2801.396193086873	8997.0	-2809.403285562669	8.007092475795961
9996000	-2812.0506902730804	8998.0	-2818.7080457995576	6.65735552647735
9997000	-2801.8511810875584	8999.0	-2809.584984133986	7.733803046427519
9998000	-2805.5693700477605	9000.0	-2814.6577973773046	9.088427329544333
9999000	-2801.842747762397	9000.0	-2809.604502274149	7.76175451175215
10000000	-2805.0859252016694	9001.0	-2812.867132729296	7.781207527626654
